315 343 316 
234 206 233 
97 69 96 
362 334 361 
446 445 473 
438 411 410 
579 552 551 
631 658 659 
417 390 389 
458 459 431 
469 441 468 
677 650 649 
675 674 702 
354 353 381 
738 711 710 
396 368 395 
422 395 394 
701 674 673 
738 766 739 
147 175 148 
288 260 287 
336 337 309 
231 259 232 
496 468 495 
282 254 281 
150 123 122 
374 373 401 
372 399 400 
685 684 712 
66 65 93 
92 64 91 
68 40 67 
90 63 62 
61 33 60 
259 258 286 
10 37 38 
39 38 66 
378 350 377 
138 139 111 
72 73 45 
215 187 214 
234 207 206 
184 185 157 
71 43 70 
387 360 359 
524 496 523 
555 554 582 
553 552 580 
136 109 108 
182 183 155 
374 346 373 
459 487 825 
358 359 331 
242 215 214 
634 606 633 
381 409 382 
558 557 585 
530 529 557 
526 527 499 
576 577 549 
641 640 668 
418 419 391 
722 721 749 
698 699 671 
751 750 778 
167 139 166 
666 694 667 
726 754 727 
721 748 749 
695 668 667 
752 725 724 
520 493 492 
708 681 680 
753 754 726 
492 465 464 
818 541 819 
604 605 577 
827 826 489 
659 632 631 
574 546 792 
508 480 507 
535 508 507 
648 620 647 
505 478 477 
756 757 729 
35 34 62 
143 116 115 
32 33 5 
56 84 57 
37 65 38 
113 141 114 
61 89 62 
89 88 116 
62 63 35 
144 117 116 
121 148 149 
114 142 115 
144 143 171 
227 226 254 
174 175 147 
172 200 173 
202 229 230 
311 284 283 
197 169 196 
366 365 393 
366 338 365 
422 423 395 
339 338 366 
365 392 393 
479 480 452 
340 341 313 
368 367 395 
372 373 345 
425 426 398 
370 343 342 
227 254 255 
313 341 314 
286 314 287 
313 312 340 
281 253 280 
340 368 341 
289 316 317 
315 314 342 
344 343 371 
425 398 397 
315 342 343 
314 341 342 
345 344 372 
316 343 344 
369 368 396 
456 484 457 
346 345 373 
317 344 345 
352 353 325 
427 400 399 
210 209 237 
260 232 259 
262 261 289 
316 344 317 
347 346 374 
785 784 433 
71 70 98 
121 94 93 
267 268 240 
178 151 150 
121 120 148 
177 205 178 
152 151 179 
150 177 178 
177 176 204 
257 229 256 
60 33 32 
204 232 205 
121 122 94 
67 39 66 
9 8 36 
97 70 69 
101 128 129 
179 151 178 
124 96 123 
186 187 159 
43 42 70 
98 125 126 
42 14 41 
124 125 97 
98 126 99 
128 127 155 
206 207 179 
136 137 109 
130 103 102 
301 329 302 
186 159 158 
75 102 103 
45 46 18 
73 46 45 
14 13 41 
190 218 191 
191 219 192 
104 76 103 
23 22 50 
188 187 215 
54 55 27 
108 80 107 
82 55 54 
193 194 166 
165 138 137 
247 220 219 
248 249 221 
134 133 161 
50 22 49 
136 135 163 
164 137 136 
161 160 188 
244 216 243 
298 297 325 
275 274 302 
300 273 272 
272 245 244 
305 306 278 
250 251 223 
329 330 302 
246 273 274 
249 277 250 
301 302 274 
388 416 389 
418 391 390 
332 333 305 
274 273 301 
276 304 277 
361 389 362 
416 388 415 
388 361 360 
354 326 353 
465 492 493 
465 466 438 
466 439 438 
269 297 270 
272 273 245 
296 297 269 
184 157 156 
243 242 270 
295 267 294 
181 180 208 
213 214 186 
237 236 264 
319 318 346 
294 293 321 
320 292 319 
349 377 350 
324 297 296 
379 352 351 
376 348 375 
827 828 460 
786 787 462 
432 431 459 
454 482 455 
792 546 791 
434 462 435 
543 801 800 
630 658 631 
791 546 790 
579 578 606 
661 634 633 
521 493 520 
409 381 408 
463 462 490 
494 467 466 
411 384 383 
788 789 490 
519 492 491 
467 439 466 
468 441 440 
387 386 414 
413 412 440 
416 443 444 
554 527 526 
469 468 496 
527 528 500 
443 416 415 
583 555 582 
584 585 557 
610 583 582 
613 614 586 
525 552 553 
551 550 578 
607 580 579 
581 553 580 
637 610 609 
582 554 581 
581 609 582 
667 668 640 
635 608 607 
717 690 689 
610 638 611 
638 637 665 
666 667 639 
694 722 695 
782 755 754 
696 723 724 
752 753 725 
727 699 726 
724 751 752 
719 747 720 
721 722 694 
752 751 779 
689 662 661 
720 748 721 
722 749 750 
721 693 720 
635 636 608 
635 663 636 
662 634 661 
577 578 550 
686 658 685 
602 794 601 
626 599 598 
600 628 601 
630 602 629 
603 575 602 
599 627 600 
657 685 658 
686 714 687 
737 710 709 
713 714 686 
712 739 740 
740 739 767 
712 684 711 
735 763 736 
708 735 736 
676 649 648 
735 734 762 
682 681 709 
798 599 600 
654 682 655 
650 622 649 
624 652 625 
796 797 600 
626 653 654 
628 629 601 
712 711 739 
683 656 655 
542 802 801 
597 598 570 
803 569 802 
598 599 571 
821 486 514 
802 570 801 
818 513 817 
486 821 822 
484 511 512 
569 570 802 
426 453 454 
511 484 483 
457 484 485 
456 483 484 
568 569 804 
817 513 512 
805 806 807 
569 803 804 
568 567 595 
597 570 569 
536 537 509 
481 508 509 
566 567 808 
482 483 455 
424 451 452 
427 428 400 
424 452 425 
510 509 812 
452 480 453 
509 537 812 
422 421 449 
504 477 476 
449 450 422 
477 449 476 
533 506 505 
507 479 506 
533 534 506 
589 616 617 
593 592 620 
590 618 591 
589 588 616 
650 678 651 
595 594 622 
564 536 563 
620 648 621 
733 705 732 
761 734 733 
734 707 706 
763 735 762 
729 730 702 
645 646 618 
758 731 730 
703 675 702 
757 758 730 
733 734 706 
59 58 86 
0 28 1 
85 86 58 
30 57 58 
29 56 57 
30 58 31 
87 86 114 
30 29 57 
57 85 58 
1 29 2 
28 29 1 
28 56 29 
3 30 31 
2 29 30 
2 30 3 
3 31 4 
4 32 5 
5 33 6 
31 32 4 
31 59 32 
8 7 35 
6 33 34 
33 61 34 
89 90 62 
88 60 87 
31 58 59 
59 60 32 
59 87 60 
88 61 60 
62 34 61 
116 88 115 
59 86 87 
115 88 87 
116 117 89 
90 89 117 
61 88 89 
118 90 117 
118 119 91 
145 146 118 
173 201 174 
145 173 146 
202 230 203 
145 118 117 
147 148 120 
144 145 117 
144 172 145 
146 173 174 
171 170 198 
87 114 115 
169 197 170 
172 171 199 
143 115 142 
85 113 86 
143 170 171 
141 169 142 
170 143 142 
144 116 143 
84 85 57 
84 112 85 
141 142 114 
86 113 114 
85 112 113 
169 141 168 
113 112 140 
140 141 113 
140 168 141 
196 169 168 
170 142 169 
225 252 253 
224 197 196 
198 170 197 
225 198 197 
226 227 199 
198 225 226 
364 392 365 
311 312 284 
226 253 254 
225 224 252 
226 225 253 
197 224 225 
253 252 280 
309 281 308 
309 308 336 
338 310 337 
254 253 281 
337 336 364 
337 364 365 
365 338 337 
339 312 311 
366 367 339 
395 423 396 
308 281 280 
311 338 339 
309 282 281 
257 285 258 
309 310 282 
309 337 310 
282 255 254 
228 229 201 
283 284 256 
312 285 284 
282 283 255 
282 310 283 
310 311 283 
310 338 311 
339 340 312 
339 367 340 
397 369 396 
340 367 368 
341 369 342 
426 399 398 
259 286 287 
285 313 286 
286 313 314 
285 312 313 
370 369 397 
341 368 369 
231 230 258 
203 175 202 
229 257 230 
285 286 258 
256 228 255 
199 198 226 
283 256 255 
284 285 257 
284 257 256 
258 230 257 
145 172 173 
144 171 172 
228 200 227 
171 198 199 
199 200 172 
199 227 200 
200 201 173 
200 228 201 
255 228 227 
256 229 228 
205 177 204 
175 174 202 
204 231 232 
203 230 231 
263 235 262 
205 232 233 
261 234 233 
235 263 236 
290 262 289 
233 232 260 
291 263 290 
234 261 262 
316 289 288 
231 258 259 
287 260 259 
261 233 260 
290 289 317 
261 260 288 
315 288 287 
289 261 288 
288 315 316 
287 314 315 
399 371 398 
342 369 370 
370 371 343 
370 398 371 
371 372 344 
371 399 372 
402 375 374 
346 347 319 
402 401 429 
373 372 400 
317 318 290 
317 345 318 
375 347 374 
318 345 346 
321 320 348 
348 320 347 
320 319 347 
291 318 319 
293 292 320 
292 291 319 
401 402 374 
348 349 321 
403 376 375 
403 404 376 
431 403 430 
404 405 377 
378 377 405 
349 376 377 
433 405 829 
377 376 404 
321 293 320 
265 264 292 
375 348 347 
376 349 348 
435 408 407 
350 322 349 
238 266 239 
265 293 266 
322 294 321 
265 292 293 
290 263 262 
206 179 178 
291 264 263 
209 236 237 
318 291 290 
292 264 291 
235 207 234 
264 265 237 
262 235 234 
263 264 236 
235 236 208 
265 266 238 
238 237 265 
182 155 154 
210 182 209 
182 154 181 
154 153 181 
180 179 207 
152 180 153 
210 237 238 
96 124 97 
152 153 125 
127 126 154 
125 153 126 
152 124 151 
96 95 123 
151 124 123 
152 125 124 
153 180 181 
152 179 180 
207 208 180 
207 235 208 
208 209 181 
208 236 209 
148 176 149 
176 175 203 
205 206 178 
205 233 206 
149 176 177 
148 175 176 
201 202 174 
201 229 202 
203 204 176 
203 231 204 
92 119 120 
118 146 119 
146 147 119 
146 174 147 
65 92 93 
119 147 120 
150 122 149 
123 95 122 
177 150 149 
151 123 150 
66 93 94 
65 64 92 
122 121 149 
93 120 121 
37 64 65 
63 91 64 
90 91 63 
90 118 91 
119 92 91 
120 93 92 
6 34 7 
64 36 63 
7 34 35 
10 9 37 
35 36 8 
35 63 36 
36 37 9 
36 64 37 
11 10 38 
13 12 40 
11 38 39 
95 67 94 
38 65 66 
94 67 66 
96 69 68 
122 95 94 
96 68 95 
95 68 67 
41 13 40 
97 98 70 
97 125 98 
39 12 11 
41 68 69 
39 40 12 
39 67 40 
68 41 40 
69 70 42 
15 14 42 
16 15 43 
44 16 43 
18 17 45 
16 44 17 
158 157 185 
44 72 45 
72 100 73 
69 42 41 
43 15 42 
71 44 43 
45 17 44 
71 72 44 
71 98 99 
100 99 127 
72 71 99 
156 128 155 
99 126 127 
127 154 155 
126 153 154 
209 182 181 
210 238 211 
212 185 184 
156 155 183 
211 212 184 
214 187 186 
267 240 239 
240 268 241 
157 130 129 
72 99 100 
157 129 156 
100 127 128 
183 184 156 
183 211 184 
76 75 103 
101 100 128 
131 130 158 
129 128 156 
102 129 130 
102 74 101 
131 158 159 
130 157 158 
185 186 158 
185 213 186 
104 132 105 
159 187 160 
161 188 189 
160 187 188 
131 104 103 
160 132 159 
103 130 131 
131 132 104 
131 159 132 
75 76 48 
104 105 77 
104 77 76 
135 162 163 
73 74 46 
73 101 74 
74 75 47 
74 102 75 
102 101 129 
73 100 101 
74 47 46 
46 47 19 
21 49 22 
46 19 18 
47 20 19 
49 76 77 
47 48 20 
47 75 48 
48 21 20 
49 77 50 
48 49 21 
48 76 49 
78 50 77 
80 108 81 
105 78 77 
79 52 51 
51 52 24 
51 78 79 
106 79 78 
107 80 79 
24 23 51 
25 24 52 
50 51 23 
50 78 51 
26 25 53 
52 53 25 
81 108 109 
27 26 54 
53 54 26 
82 109 110 
81 109 82 
82 110 83 
109 137 110 
52 80 53 
52 79 80 
53 81 54 
53 80 81 
55 82 83 
54 81 82 
163 164 136 
193 221 194 
165 166 138 
194 167 166 
110 111 83 
110 138 111 
137 138 110 
166 139 138 
195 167 194 
165 193 166 
222 195 194 
223 195 222 
164 165 137 
221 220 248 
164 192 165 
164 163 191 
192 193 165 
192 220 193 
135 134 162 
162 190 163 
164 191 192 
216 188 215 
108 107 135 
106 105 133 
106 134 107 
133 132 160 
108 135 136 
107 134 135 
79 106 107 
78 105 106 
106 133 134 
105 132 133 
134 161 162 
133 160 161 
216 189 188 
162 161 189 
163 190 191 
162 189 190 
273 246 245 
190 189 217 
219 218 246 
190 217 218 
217 245 218 
217 216 244 
247 246 274 
218 245 246 
302 303 275 
248 220 247 
304 303 331 
276 275 303 
192 219 220 
191 218 219 
248 247 275 
219 246 247 
248 275 276 
247 274 275 
277 249 276 
221 222 194 
276 249 248 
277 278 250 
220 221 193 
249 222 221 
250 223 222 
279 251 278 
306 307 279 
278 306 279 
363 390 391 
249 250 222 
278 251 250 
306 305 333 
276 303 304 
277 305 278 
362 389 390 
302 330 303 
360 333 332 
331 330 358 
388 389 361 
304 305 277 
304 332 305 
306 334 307 
306 333 334 
307 334 335 
335 334 362 
502 503 475 
333 361 334 
333 360 361 
363 362 390 
363 335 362 
442 470 443 
417 389 416 
386 387 359 
360 332 359 
388 387 415 
388 360 387 
357 330 329 
359 332 331 
304 331 332 
303 330 331 
385 358 357 
386 359 358 
300 299 327 
357 358 330 
328 355 356 
412 411 439 
384 385 357 
414 415 387 
385 386 358 
442 441 469 
385 413 386 
385 384 412 
410 411 383 
440 441 413 
385 412 413 
384 411 412 
410 383 382 
356 357 329 
408 380 407 
438 439 411 
325 326 298 
356 384 357 
383 355 382 
382 355 354 
299 298 326 
326 354 327 
354 355 327 
383 384 356 
328 356 329 
355 383 356 
271 299 272 
328 329 301 
327 328 300 
327 355 328 
243 216 215 
217 189 216 
271 244 243 
245 217 244 
300 301 273 
300 328 301 
215 242 243 
214 213 241 
298 270 297 
269 268 296 
244 271 272 
243 270 271 
327 299 326 
271 270 298 
272 299 300 
271 298 299 
242 269 270 
241 213 240 
267 295 268 
325 353 326 
212 213 185 
241 268 269 
212 240 213 
212 239 240 
242 241 269 
242 214 241 
239 211 238 
183 182 210 
210 211 183 
239 212 211 
266 267 239 
266 294 267 
296 295 323 
266 293 294 
322 295 294 
296 268 295 
349 322 321 
323 295 322 
322 350 323 
408 435 436 
323 324 296 
323 351 324 
324 325 297 
324 352 325 
351 352 324 
379 378 406 
437 410 409 
353 352 380 
354 381 382 
353 380 381 
351 350 378 
351 323 350 
352 379 380 
351 378 379 
407 406 434 
378 405 406 
434 784 785 
406 405 784 
489 788 787 
463 490 491 
379 407 380 
379 406 407 
407 434 435 
406 784 434 
785 462 434 
491 492 464 
785 461 786 
518 519 491 
829 828 785 
787 490 462 
785 786 462 
461 787 786 
827 489 461 
789 517 790 
461 489 787 
488 516 489 
824 516 488 
790 518 789 
545 790 517 
546 518 790 
516 544 517 
794 602 574 
573 794 793 
574 575 547 
793 792 545 
793 574 792 
794 574 793 
602 575 574 
787 788 490 
489 517 789 
490 789 518 
788 489 789 
545 791 790 
545 792 791 
519 520 492 
521 494 493 
546 519 518 
546 574 547 
547 520 519 
549 550 522 
546 547 519 
575 548 547 
547 548 520 
605 633 606 
522 521 549 
549 577 550 
524 551 552 
523 550 551 
548 521 520 
550 523 522 
495 522 523 
494 521 522 
548 549 521 
548 576 549 
494 495 467 
468 440 467 
552 525 524 
468 467 495 
436 464 437 
436 435 463 
463 491 464 
490 518 491 
493 494 466 
522 495 494 
437 409 436 
381 380 408 
436 463 464 
435 462 463 
436 409 408 
410 382 409 
437 438 410 
437 465 438 
464 465 437 
493 466 465 
439 440 412 
439 467 440 
472 445 444 
442 414 441 
470 469 497 
470 442 469 
523 496 495 
497 469 496 
498 471 470 
444 417 416 
498 499 471 
528 529 501 
413 414 386 
413 441 414 
471 443 470 
415 414 442 
442 443 415 
471 499 472 
471 444 443 
445 417 444 
471 472 444 
446 419 418 
417 418 390 
417 445 418 
445 446 418 
474 447 446 
446 447 419 
474 475 447 
474 502 475 
528 501 500 
473 445 472 
500 501 473 
474 446 473 
473 501 474 
502 529 530 
501 529 502 
556 555 583 
528 556 529 
585 613 586 
474 501 502 
473 472 500 
502 530 503 
586 614 587 
530 531 503 
530 558 531 
558 586 559 
531 558 559 
530 557 558 
556 584 557 
584 611 612 
559 586 587 
558 585 586 
529 556 557 
528 555 556 
583 584 556 
640 639 667 
499 500 472 
499 527 500 
498 526 499 
555 528 527 
581 554 553 
555 527 554 
497 498 470 
526 553 554 
497 525 498 
497 496 524 
551 524 523 
525 497 524 
525 526 498 
525 553 526 
552 579 580 
551 578 579 
664 637 636 
581 580 608 
582 609 610 
581 608 609 
580 607 608 
579 606 607 
665 637 664 
609 608 636 
638 666 639 
665 693 666 
694 695 667 
724 725 697 
583 611 584 
583 610 611 
636 637 609 
665 666 638 
611 638 639 
610 637 638 
584 612 585 
611 639 612 
669 641 668 
612 639 640 
612 613 585 
612 640 613 
614 615 587 
614 642 615 
613 641 614 
670 698 671 
642 643 615 
642 670 643 
696 668 695 
614 641 642 
613 640 641 
696 669 668 
642 641 669 
643 670 671 
642 669 670 
753 726 725 
670 669 697 
696 724 697 
723 751 724 
697 698 670 
697 725 698 
698 726 699 
698 725 726 
755 727 754 
783 755 782 
779 780 752 
781 754 753 
753 752 780 
754 781 782 
753 780 781 
723 750 751 
749 777 750 
751 778 779 
750 777 778 
669 696 697 
695 723 696 
665 692 693 
665 664 692 
723 722 750 
723 695 722 
693 692 720 
663 662 690 
694 693 721 
694 666 693 
690 717 718 
748 776 749 
690 662 689 
686 659 658 
749 776 777 
748 775 776 
746 747 719 
743 742 770 
746 773 774 
745 772 773 
718 717 745 
688 660 687 
746 745 773 
717 716 744 
746 718 745 
691 692 664 
775 747 774 
747 748 720 
774 747 746 
775 748 747 
719 691 718 
691 664 663 
692 719 720 
718 746 719 
606 634 607 
662 663 635 
691 663 690 
664 636 663 
718 691 690 
719 692 691 
575 576 548 
575 603 576 
603 604 576 
605 578 577 
578 605 606 
577 576 604 
635 634 662 
635 607 634 
744 716 743 
717 689 716 
660 659 687 
632 633 605 
661 660 688 
661 633 660 
631 604 603 
632 605 604 
602 630 603 
659 660 632 
631 632 604 
660 633 632 
545 573 793 
601 629 602 
573 795 794 
795 796 601 
603 630 631 
629 657 630 
740 713 712 
658 630 657 
686 687 659 
715 688 687 
712 713 685 
715 743 716 
685 713 686 
743 771 744 
689 688 716 
689 661 688 
687 714 715 
741 740 768 
688 715 716 
714 742 715 
713 741 714 
745 744 772 
745 717 744 
715 742 743 
769 741 768 
744 771 772 
743 770 771 
740 767 768 
742 769 770 
742 714 741 
655 656 628 
684 685 657 
742 741 769 
713 740 741 
652 653 625 
626 627 599 
684 683 711 
684 656 683 
737 738 710 
711 683 710 
766 738 765 
739 711 738 
767 739 766 
708 709 681 
710 683 682 
764 737 736 
710 682 709 
707 708 680 
736 709 708 
736 737 709 
765 738 737 
737 764 765 
736 763 764 
651 652 624 
680 681 653 
679 680 652 
679 707 680 
626 598 625 
652 680 653 
627 654 655 
653 681 654 
655 682 683 
654 681 682 
597 625 598 
597 596 624 
653 626 625 
654 627 626 
651 624 623 
566 811 538 
623 596 595 
597 569 596 
597 624 625 
596 623 624 
596 568 595 
483 510 511 
569 568 596 
805 540 806 
804 805 568 
804 540 805 
514 820 542 
570 598 571 
544 543 799 
801 570 800 
544 799 572 
571 599 798 
517 544 545 
798 797 572 
800 571 799 
800 570 571 
799 798 572 
799 571 798 
798 600 797 
628 656 629 
627 628 600 
627 655 628 
656 657 629 
656 684 657 
572 573 545 
572 797 796 
794 795 601 
573 572 795 
601 796 600 
795 572 796 
489 516 517 
543 800 799 
545 544 572 
515 822 821 
542 543 821 
486 822 487 
516 543 544 
821 514 542 
825 487 824 
823 516 824 
459 486 487 
821 543 515 
826 825 488 
487 822 823 
487 823 824 
822 515 823 
516 515 543 
516 823 515 
828 827 461 
826 488 489 
460 826 827 
825 824 488 
431 404 403 
829 405 404 
785 433 829 
784 405 433 
785 828 461 
829 432 828 
458 431 430 
460 828 432 
404 432 829 
404 431 432 
457 485 458 
486 485 820 
432 459 460 
458 486 459 
460 825 826 
460 459 825 
430 429 457 
484 512 485 
485 486 458 
485 513 820 
403 402 430 
403 375 402 
402 429 430 
427 399 426 
430 457 458 
429 428 456 
401 400 428 
401 373 400 
483 456 455 
429 401 428 
429 456 457 
428 455 456 
808 807 809 
512 513 485 
815 512 511 
816 817 512 
804 817 540 
542 803 802 
815 816 512 
540 817 816 
541 542 819 
514 486 820 
803 542 541 
820 513 819 
513 818 819 
817 804 541 
817 541 818 
804 803 541 
543 542 801 
820 819 542 
814 539 815 
806 816 815 
568 805 807 
540 816 806 
568 807 567 
806 815 807 
808 809 810 
807 815 539 
566 808 811 
567 807 808 
536 564 537 
482 510 483 
594 566 593 
594 567 566 
538 812 537 
811 808 810 
535 536 508 
535 563 536 
811 810 812 
814 815 511 
565 538 537 
811 812 538 
809 539 810 
809 807 539 
810 813 812 
810 539 814 
813 814 511 
813 810 814 
454 427 426 
455 428 427 
480 481 453 
510 813 511 
481 509 482 
812 813 510 
423 424 396 
398 370 397 
396 424 397 
453 426 425 
427 454 455 
453 481 454 
454 481 482 
480 508 481 
482 509 510 
508 536 509 
422 450 423 
479 507 480 
425 452 453 
451 479 452 
366 394 367 
394 393 421 
421 422 394 
450 478 451 
397 424 425 
423 451 424 
367 394 395 
366 393 394 
392 420 393 
450 477 478 
421 420 448 
421 393 420 
448 449 421 
448 476 449 
423 450 451 
449 477 450 
532 505 504 
505 477 504 
532 533 505 
506 478 505 
478 479 451 
478 506 479 
561 533 560 
534 535 507 
506 534 507 
592 591 619 
562 563 535 
562 590 563 
591 564 563 
565 537 564 
560 533 532 
561 534 533 
562 535 534 
588 561 560 
562 534 561 
646 647 619 
618 617 645 
616 644 617 
645 617 644 
672 645 644 
674 647 646 
618 646 619 
645 673 646 
648 675 676 
647 674 675 
561 589 562 
561 588 589 
589 590 562 
589 617 590 
591 618 619 
590 617 618 
590 591 563 
620 621 593 
566 565 593 
564 591 592 
592 565 564 
566 538 565 
622 594 621 
565 592 593 
621 594 593 
595 567 594 
622 650 623 
677 676 704 
650 651 623 
679 652 651 
619 620 592 
619 647 620 
649 622 621 
623 595 622 
675 648 647 
649 621 648 
703 704 676 
678 679 651 
704 705 677 
706 679 678 
733 706 705 
649 676 677 
677 678 650 
677 705 678 
705 706 678 
734 735 707 
706 707 679 
735 708 707 
704 732 705 
761 762 734 
675 703 676 
732 760 733 
731 732 704 
731 759 732 
760 761 733 
759 731 758 
760 732 759 
729 702 701 
674 646 673 
701 702 674 
730 731 703 
730 703 702 
731 704 703 
673 645 672 
756 729 728 
673 672 700 
700 701 673 
700 728 701 
728 729 701 
757 730 729 