0 0.010 -0.130  
1 -0.120 -0.000  
2 -0.110 0.020  
3 -0.100 0.030  
4 -0.040 0.060  
5 0.020 0.210  
6 0.100 0.350  
7 0.160 0.470  
8 0.240 0.480  
9 0.320 0.490  
10 0.390 0.490  
11 0.450 0.490  
12 0.490 0.500  
13 0.530 0.490  
14 0.470 0.400  
15 0.360 0.240  
16 0.240 0.070  
17 0.210 -0.010  
18 0.220 -0.040  
19 0.220 -0.070  
20 0.220 -0.100  
21 0.220 -0.120  
22 0.200 -0.140  
23 0.190 -0.160  
24 0.160 -0.180  
25 0.130 -0.190  
26 0.040 -0.170  
27 -0.040 -0.150  
28 -0.000 -0.030  
29 -0.120 0.120  
30 -0.110 0.160  
31 -0.080 0.190  
32 -0.020 0.240  
33 0.030 0.330  
34 0.100 0.430  
35 0.170 0.500  
36 0.250 0.520  
37 0.350 0.520  
38 0.440 0.510  
39 0.520 0.490  
40 0.580 0.460  
41 0.630 0.440  
42 0.630 0.370  
43 0.600 0.280  
44 0.560 0.170  
45 0.570 0.100  
46 0.590 0.050  
47 0.590 -0.010  
48 0.590 -0.070  
49 0.570 -0.130  
50 0.550 -0.210  
51 0.510 -0.270  
52 0.460 -0.310  
53 0.390 -0.320  
54 0.200 -0.260  
55 0.030 -0.190  
56 -0.000 0.060  
57 -0.130 0.230  
58 -0.100 0.290  
59 -0.050 0.350  
60 -0.000 0.410  
61 0.050 0.460  
62 0.100 0.510  
63 0.170 0.540  
64 0.270 0.550  
65 0.380 0.540  
66 0.490 0.510  
67 0.580 0.480  
68 0.650 0.440  
69 0.720 0.390  
70 0.790 0.350  
71 0.850 0.320  
72 0.900 0.270  
73 0.950 0.210  
74 0.980 0.130  
75 0.990 0.050  
76 0.970 -0.060  
77 0.950 -0.190  
78 0.910 -0.330  
79 0.860 -0.440  
80 0.770 -0.500  
81 0.640 -0.490  
82 0.340 -0.350  
83 0.090 -0.230  
84 -0.120 0.140  
85 -0.120 0.220  
86 -0.090 0.290  
87 -0.040 0.350  
88 0.010 0.410  
89 0.050 0.480  
90 0.100 0.530  
91 0.170 0.560  
92 0.260 0.560  
93 0.370 0.550  
94 0.480 0.520  
95 0.580 0.470  
96 0.670 0.420  
97 0.750 0.380  
98 0.820 0.340  
99 0.890 0.310  
100 0.950 0.270  
101 1.030 0.210  
102 1.070 0.150  
103 1.080 0.070  
104 1.050 -0.060  
105 1.010 -0.220  
106 0.960 -0.420  
107 0.890 -0.570  
108 0.780 -0.630  
109 0.620 -0.580  
110 0.350 -0.430  
111 0.100 -0.270  
112 -0.090 0.110  
113 -0.100 0.200  
114 -0.080 0.290  
115 -0.030 0.350  
116 0.010 0.420  
117 0.060 0.480  
118 0.100 0.520  
119 0.170 0.550  
120 0.260 0.550  
121 0.360 0.550  
122 0.460 0.530  
123 0.550 0.500  
124 0.650 0.450  
125 0.730 0.420  
126 0.810 0.380  
127 0.880 0.340  
128 1.050 0.270  
129 1.190 0.190  
130 1.260 0.130  
131 1.190 0.070  
132 1.100 -0.060  
133 1.020 -0.260  
134 0.930 -0.480  
135 0.840 -0.630  
136 0.710 -0.660  
137 0.540 -0.590  
138 0.300 -0.450  
139 0.090 -0.290  
140 -0.060 0.090  
141 -0.070 0.180  
142 -0.060 0.270  
143 -0.020 0.340  
144 0.020 0.400  
145 0.070 0.450  
146 0.110 0.490  
147 0.180 0.510  
148 0.260 0.530  
149 0.350 0.550  
150 0.460 0.540  
151 0.580 0.510  
152 0.700 0.470  
153 0.790 0.430  
154 0.860 0.410  
155 1.030 0.340  
156 1.320 0.230  
157 1.550 0.130  
158 1.590 0.090  
159 1.370 0.100  
160 1.140 -0.030  
161 0.950 -0.250  
162 0.830 -0.520  
163 0.720 -0.620  
164 0.580 -0.610  
165 0.420 -0.530  
166 0.240 -0.420  
167 0.060 -0.280  
168 -0.020 0.060  
169 -0.020 0.150  
170 -0.010 0.240  
171 0.010 0.310  
172 0.040 0.370  
173 0.090 0.410  
174 0.130 0.440  
175 0.190 0.470  
176 0.270 0.500  
177 0.360 0.530  
178 0.490 0.540  
179 0.670 0.500  
180 0.910 0.430  
181 1.160 0.360  
182 1.340 0.300  
183 1.590 0.220  
184 1.910 0.100  
185 2.090 0.030  
186 1.960 0.040  
187 1.510 0.150  
188 1.100 0.020  
189 0.800 -0.230  
190 0.660 -0.520  
191 0.560 -0.580  
192 0.450 -0.530  
193 0.310 -0.440  
194 0.150 -0.340  
195 0.010 -0.230  
196 0.030 0.050  
197 0.040 0.130  
198 0.050 0.200  
199 0.060 0.270  
200 0.090 0.320  
201 0.120 0.360  
202 0.160 0.400  
203 0.210 0.440  
204 0.290 0.480  
205 0.390 0.510  
206 0.540 0.520  
207 0.800 0.470  
208 1.160 0.370  
209 1.560 0.260  
210 1.890 0.170  
211 2.260 0.060  
212 2.470 -0.010  
213 2.460 -0.010  
214 2.060 0.100  
215 1.430 0.280  
216 0.890 0.200  
217 0.550 -0.020  
218 0.440 -0.330  
219 0.380 -0.400  
220 0.310 -0.390  
221 0.210 -0.310  
222 0.100 -0.240  
223 -0.010 -0.170  
224 0.060 0.070  
225 0.080 0.130  
226 0.100 0.190  
227 0.120 0.240  
228 0.140 0.290  
229 0.160 0.330  
230 0.180 0.370  
231 0.230 0.410  
232 0.300 0.460  
233 0.410 0.510  
234 0.550 0.520  
235 0.780 0.490  
236 1.100 0.410  
237 1.480 0.320  
238 1.950 0.180  
239 2.400 0.040  
240 2.630 -0.040  
241 2.420 0.050  
242 1.820 0.250  
243 1.110 0.480  
244 0.550 0.470  
245 0.240 0.300  
246 0.180 0.040  
247 0.190 -0.080  
248 0.190 -0.130  
249 0.150 -0.110  
250 0.070 -0.120  
251 -0.020 -0.110  
252 0.090 0.100  
253 0.120 0.140  
254 0.150 0.190  
255 0.170 0.240  
256 0.180 0.290  
257 0.200 0.320  
258 0.210 0.360  
259 0.240 0.400  
260 0.300 0.460  
261 0.420 0.500  
262 0.560 0.520  
263 0.720 0.510  
264 0.890 0.480  
265 1.100 0.440  
266 1.620 0.240  
267 2.110 0.050  
268 2.360 -0.020  
269 1.990 0.170  
270 1.330 0.450  
271 0.640 0.690  
272 0.160 0.750  
273 -0.060 0.670  
274 -0.040 0.490  
275 0.030 0.360  
276 0.410 0.220  
277 0.550 0.160  
278 0.500 0.030  
279 0.110 -0.030  
280 0.110 0.120  
281 0.150 0.150  
282 0.190 0.190  
283 0.210 0.240  
284 0.230 0.300  
285 0.230 0.350  
286 0.240 0.370  
287 0.250 0.410  
288 0.310 0.450  
289 0.430 0.480  
290 0.560 0.500  
291 0.640 0.510  
292 0.660 0.530  
293 0.720 0.500  
294 1.250 0.220  
295 1.680 0.020  
296 1.860 -0.020  
297 1.370 0.280  
298 0.750 0.590  
299 0.190 0.830  
300 -0.150 0.960  
301 -0.240 0.970  
302 -0.150 0.910  
303 -0.030 0.820  
304 0.560 0.640  
305 0.760 0.490  
306 0.710 0.230  
307 0.130 0.050  
308 0.130 0.140  
309 0.190 0.160  
310 0.230 0.190  
311 0.260 0.240  
312 0.280 0.300  
313 0.280 0.370  
314 0.280 0.390  
315 0.290 0.410  
316 0.340 0.420  
317 0.460 0.430  
318 0.580 0.440  
319 0.660 0.450  
320 0.680 0.480  
321 0.810 0.340  
322 1.280 0.010  
323 1.500 -0.170  
324 1.380 -0.050  
325 0.750 0.350  
326 0.240 0.590  
327 -0.120 0.800  
328 -0.290 0.950  
329 -0.290 1.090  
330 -0.160 1.140  
331 -0.030 1.140  
332 0.580 1.010  
333 0.770 0.820  
334 0.710 0.420  
335 0.120 0.130  
336 0.140 0.150  
337 0.210 0.160  
338 0.270 0.190  
339 0.310 0.230  
340 0.330 0.300  
341 0.340 0.370  
342 0.340 0.410  
343 0.340 0.410  
344 0.390 0.380  
345 0.500 0.360  
346 0.610 0.360  
347 0.670 0.390  
348 0.710 0.400  
349 0.940 0.120  
350 1.270 -0.230  
351 1.310 -0.370  
352 0.900 -0.070  
353 0.290 0.290  
354 -0.090 0.460  
355 -0.260 0.600  
356 -0.310 0.820  
357 -0.270 1.060  
358 -0.150 1.210  
359 -0.010 1.250  
360 0.280 1.170  
361 0.320 0.990  
362 0.260 0.530  
363 -0.020 0.170  
364 0.180 0.190  
365 0.240 0.200  
366 0.300 0.230  
367 0.350 0.260  
368 0.380 0.310  
369 0.390 0.360  
370 0.390 0.400  
371 0.400 0.380  
372 0.450 0.330  
373 0.540 0.300  
374 0.630 0.290  
375 0.680 0.320  
376 0.690 0.340  
377 0.970 -0.030  
378 1.140 -0.360  
379 1.030 -0.500  
380 0.440 -0.100  
381 -0.070 0.240  
382 -0.300 0.370  
383 -0.310 0.430  
384 -0.290 0.630  
385 -0.240 0.880  
386 -0.130 1.060  
387 -0.020 1.100  
388 0.050 1.050  
389 0.060 0.900  
390 0.010 0.490  
391 -0.060 0.150  
392 0.220 0.250  
393 0.270 0.270  
394 0.330 0.300  
395 0.370 0.310  
396 0.410 0.330  
397 0.430 0.350  
398 0.450 0.370  
399 0.460 0.340  
400 0.500 0.300  
401 0.560 0.260  
402 0.630 0.250  
403 0.660 0.270  
404 0.660 0.270  
405 0.760 -0.020  
406 0.730 -0.310  
407 0.470 -0.400  
408 -0.020 -0.100  
409 -0.330 0.160  
410 -0.390 0.300  
411 -0.320 0.340  
412 -0.280 0.520  
413 -0.220 0.680  
414 -0.140 0.810  
415 -0.070 0.810  
416 -0.030 0.760  
417 -0.020 0.660  
418 -0.050 0.360  
419 -0.080 0.110  
420 0.270 0.340  
421 0.330 0.370  
422 0.370 0.400  
423 0.410 0.390  
424 0.450 0.370  
425 0.480 0.340  
426 0.520 0.320  
427 0.530 0.300  
428 0.540 0.260  
429 0.570 0.240  
430 0.620 0.220  
431 0.620 0.220  
432 0.590 0.210  
433 0.490 0.040  
434 0.240 -0.160  
435 -0.120 -0.240  
436 -0.410 -0.080  
437 -0.500 0.130  
438 -0.430 0.260  
439 -0.340 0.300  
440 -0.280 0.380  
441 -0.210 0.450  
442 -0.150 0.510  
443 -0.120 0.510  
444 -0.100 0.480  
445 -0.090 0.440  
446 -0.090 0.240  
447 -0.100 0.050  
448 0.290 0.420  
449 0.380 0.490  
450 0.430 0.520  
451 0.460 0.490  
452 0.510 0.430  
453 0.550 0.360  
454 0.600 0.300  
455 0.600 0.260  
456 0.580 0.230  
457 0.560 0.210  
458 0.570 0.190  
459 0.540 0.150  
460 0.530 0.120  
461 0.000 0.000  
462 -0.170 -0.150  
463 -0.650 -0.250  
464 -0.760 -0.240  
465 -0.620 -0.050  
466 -0.450 0.050  
467 -0.350 0.100  
468 -0.280 0.150  
469 -0.210 0.200  
470 -0.180 0.230  
471 -0.170 0.250  
472 -0.150 0.270  
473 -0.130 0.290  
474 -0.120 0.160  
475 -0.120 0.020  
476 0.270 0.530  
477 0.400 0.640  
478 0.480 0.690  
479 0.530 0.670  
480 0.580 0.550  
481 0.630 0.420  
482 0.670 0.300  
483 0.670 0.230  
484 0.620 0.200  
485 0.550 0.170  
486 0.490 0.130  
487 0.430 0.050  
488 0.000 0.000  
489 0.000 0.000  
490 -0.240 -0.300  
491 -0.790 -0.510  
492 -0.930 -0.580  
493 -0.700 -0.350  
494 -0.500 -0.220  
495 -0.400 -0.160  
496 -0.320 -0.110  
497 -0.250 -0.050  
498 -0.210 -0.000  
499 -0.200 0.040  
500 -0.190 0.090  
501 -0.160 0.130  
502 -0.150 0.060  
503 -0.140 -0.020  
504 0.170 0.590  
505 0.360 0.820  
506 0.490 1.020  
507 0.570 1.090  
508 0.620 0.960  
509 0.660 0.760  
510 0.690 0.530  
511 0.660 0.350  
512 0.680 0.290  
513 0.690 0.290  
514 0.000 0.000  
515 0.000 0.000  
516 0.000 0.000  
517 0.000 0.000  
518 -0.160 -0.580  
519 -0.830 -0.960  
520 -1.060 -1.030  
521 -0.880 -0.720  
522 -0.630 -0.530  
523 -0.500 -0.440  
524 -0.410 -0.370  
525 -0.330 -0.290  
526 -0.280 -0.210  
527 -0.260 -0.150  
528 -0.240 -0.110  
529 -0.210 -0.050  
530 -0.190 -0.040  
531 -0.160 -0.070  
532 0.040 0.650  
533 0.270 1.090  
534 0.450 1.550  
535 0.570 1.740  
536 0.610 1.590  
537 0.620 1.240  
538 0.610 0.820  
539 0.000 0.000  
540 0.000 0.000  
541 0.000 0.000  
542 0.000 0.000  
543 0.000 0.000  
544 0.000 0.000  
545 0.000 0.000  
546 0.030 -0.940  
547 -0.740 -1.480  
548 -1.090 -1.430  
549 -1.040 -1.090  
550 -0.770 -0.840  
551 -0.620 -0.710  
552 -0.530 -0.630  
553 -0.440 -0.520  
554 -0.370 -0.420  
555 -0.320 -0.340  
556 -0.300 -0.290  
557 -0.260 -0.220  
558 -0.230 -0.160  
559 -0.170 -0.110  
560 -0.110 0.530  
561 0.150 1.200  
562 0.380 1.950  
563 0.510 2.350  
564 0.530 2.160  
565 0.490 1.610  
566 0.440 1.030  
567 0.350 0.600  
568 0.360 0.420  
569 0.530 0.470  
570 0.860 0.600  
571 1.000 0.580  
572 0.000 0.000  
573 0.000 0.000  
574 0.200 -1.200  
575 -0.430 -1.840  
576 -0.890 -1.750  
577 -1.010 -1.470  
578 -0.870 -1.110  
579 -0.720 -0.980  
580 -0.640 -0.870  
581 -0.560 -0.740  
582 -0.480 -0.610  
583 -0.420 -0.520  
584 -0.370 -0.450  
585 -0.320 -0.350  
586 -0.250 -0.230  
587 -0.180 -0.140  
588 -0.220 0.340  
589 0.020 0.970  
590 0.250 1.810  
591 0.370 2.350  
592 0.380 2.220  
593 0.310 1.580  
594 0.230 0.950  
595 0.140 0.550  
596 0.070 0.390  
597 0.140 0.410  
598 0.450 0.560  
599 0.710 0.610  
600 0.740 0.320  
601 0.490 -0.490  
602 0.150 -1.250  
603 -0.290 -1.860  
604 -0.760 -1.830  
605 -0.990 -1.660  
606 -0.970 -1.320  
607 -0.840 -1.200  
608 -0.750 -1.070  
609 -0.670 -0.930  
610 -0.590 -0.790  
611 -0.520 -0.690  
612 -0.460 -0.590  
613 -0.390 -0.450  
614 -0.270 -0.290  
615 -0.180 -0.160  
616 -0.330 0.120  
617 -0.120 0.530  
618 0.040 1.130  
619 0.140 1.720  
620 0.150 1.720  
621 0.100 1.300  
622 0.010 0.770  
623 -0.060 0.480  
624 -0.100 0.380  
625 -0.140 0.330  
626 -0.060 0.380  
627 0.000 0.360  
628 0.020 0.090  
629 -0.070 -0.430  
630 -0.200 -1.010  
631 -0.410 -1.510  
632 -0.710 -1.650  
633 -0.910 -1.610  
634 -0.970 -1.390  
635 -0.930 -1.330  
636 -0.880 -1.240  
637 -0.790 -1.090  
638 -0.690 -0.950  
639 -0.620 -0.840  
640 -0.540 -0.710  
641 -0.460 -0.540  
642 -0.300 -0.320  
643 -0.190 -0.180  
644 -0.400 0.040  
645 -0.260 0.200  
646 -0.200 0.510  
647 -0.150 0.930  
648 -0.120 1.070  
649 -0.120 0.920  
650 -0.170 0.600  
651 -0.210 0.400  
652 -0.230 0.320  
653 -0.250 0.280  
654 -0.280 0.280  
655 -0.360 0.220  
656 -0.430 0.010  
657 -0.510 -0.380  
658 -0.530 -0.760  
659 -0.670 -1.090  
660 -0.830 -1.260  
661 -0.970 -1.330  
662 -1.010 -1.330  
663 -0.990 -1.300  
664 -0.960 -1.250  
665 -0.870 -1.130  
666 -0.780 -1.030  
667 -0.700 -0.930  
668 -0.620 -0.790  
669 -0.510 -0.600  
670 -0.340 -0.360  
671 -0.210 -0.200  
672 -0.470 0.060  
673 -0.410 0.160  
674 -0.420 0.260  
675 -0.340 0.500  
676 -0.080 0.700  
677 0.130 0.800  
678 0.150 0.640  
679 -0.040 0.430  
680 -0.180 0.280  
681 -0.280 0.210  
682 -0.320 0.220  
683 -0.430 0.200  
684 -0.550 0.040  
685 -0.660 -0.240  
686 -0.670 -0.510  
687 -0.740 -0.720  
688 -0.820 -0.890  
689 -0.880 -1.010  
690 -0.940 -1.110  
691 -0.960 -1.140  
692 -1.010 -1.140  
693 -0.930 -1.060  
694 -0.850 -1.000  
695 -0.770 -0.930  
696 -0.680 -0.810  
697 -0.570 -0.630  
698 -0.370 -0.390  
699 -0.220 -0.220  
700 -0.520 0.080  
701 -0.520 0.210  
702 -0.520 0.310  
703 -0.280 0.460  
704 0.260 0.700  
705 0.680 0.840  
706 0.700 0.770  
707 0.290 0.490  
708 -0.040 0.280  
709 -0.250 0.190  
710 -0.310 0.210  
711 -0.420 0.200  
712 -0.530 0.070  
713 -0.610 -0.130  
714 -0.580 -0.290  
715 -0.600 -0.420  
716 -0.720 -0.580  
717 -0.850 -0.750  
718 -0.980 -0.880  
719 -1.000 -0.930  
720 -1.040 -0.930  
721 -0.990 -0.890  
722 -0.910 -0.870  
723 -0.820 -0.830  
724 -0.710 -0.750  
725 -0.600 -0.600  
726 -0.390 -0.390  
727 -0.230 -0.230  
728 -0.520 0.060  
729 -0.530 0.210  
730 -0.420 0.350  
731 0.080 0.580  
732 0.910 0.900  
733 1.430 1.070  
734 1.260 0.920  
735 0.580 0.550  
736 0.040 0.290  
737 -0.220 0.190  
738 -0.310 0.210  
739 -0.400 0.200  
740 -0.480 0.130  
741 -0.520 0.010  
742 -0.500 -0.100  
743 -0.520 -0.230  
744 -0.640 -0.390  
745 -0.800 -0.550  
746 -0.950 -0.670  
747 -1.010 -0.720  
748 -1.050 -0.740  
749 -1.020 -0.720  
750 -0.960 -0.700  
751 -0.860 -0.660  
752 -0.730 -0.590  
753 -0.610 -0.500  
754 -0.400 -0.350  
755 -0.240 -0.230  
756 -0.460 0.020  
757 -0.430 0.170  
758 -0.260 0.320  
759 0.240 0.550  
760 0.960 0.830  
761 1.390 0.970  
762 1.140 0.810  
763 0.510 0.480  
764 0.000 0.250  
765 -0.190 0.190  
766 -0.260 0.210  
767 -0.340 0.200  
768 -0.380 0.160  
769 -0.390 0.080  
770 -0.380 -0.010  
771 -0.440 -0.130  
772 -0.610 -0.260  
773 -0.820 -0.390  
774 -0.970 -0.480  
775 -1.040 -0.530  
776 -1.050 -0.540  
777 -1.050 -0.530  
778 -1.010 -0.520  
779 -0.920 -0.500  
780 -0.770 -0.450  
781 -0.630 -0.430  
782 -0.410 -0.320  
783 -0.250 -0.230  
