# without fibres: 0.19459  0.37661
# angle   u(1)   u(2)
-37.5 0.127184  0.259496  
-35.0 0.129502  0.26448  
-32.5 0.131537  0.268905 
-30.0 0.133181  0.272622
-27.5 0.134968  0.275758    
-25.0 0.134403  0.278558  
-22.5 0.135879  0.2833  
-20.0 0.138786  0.288689  
-17.5 0.142275  0.293481  
-15.0 0.145852  0.296838  
-10.0 0.151435  0.297018 
 -7.5 0.151999  0.293057  
 -5.0 0.151328  0.287494    
 -2.5 0.149548  0.28093  
  0.00 0.146731  0.273223 
  2.50 0.142936  0.26453  
  5.00 0.138395  0.255128 
  7.50 0.133198  0.24508 
 10.00 0.127484  0.234565  
 15.00 0.118066  0.218705
 17.50 0.115144  0.214275    
 20.00 0.113181  0.211709  
 21.25 0.112623  0.211294  
 22.50 0.112434  0.211657  
 23.75 0.112756  0.213414  
 25.00 0.114844  0.217671
 26.25 0.12      0.226383  
 27.50 0.120725  0.228564 
 28.75 0.120261  0.228596 
 30.00 0.119327  0.227486
 32.50 0.116708  0.223518  
 35.00 0.113306  0.217773 
 37.50 0.109107  0.210147  