# Number of dofs 39601, number of time steps 40
# 0.5 0.5
0 0.000105011 -0.00183902 6.01447e-07 
0.05 0.00106705  -0.0169337 9.89241e-06 
0.1 0.00539887  -0.0767966 7.87819e-05 
0.15 0.0182435   -0.229876 0.000406808 
0.2 0.0466126  -0.513778 0.00153995 
0.25 0.0966819  -0.919942 0.00458336 
0.3 0.170667  -1.38275 0.0112375 
0.35 0.265338  -1.80491 0.0234838 
0.4 0.372971 -2.09983 0.042953 
0.45 0.483903 -2.22292 0.070252 
0.5 0.589226 -2.17807 0.104597 
0.55 0.682533 -2.00407 0.143927 
0.6 0.760473 -1.75398 0.185423 
0.65 0.822379 -1.47775 0.22618 
0.7 0.869458 -1.21269 0.263776 
0.75 0.903935 -0.98106 0.296593 
0.8 0.928362 -0.79214 0.323875 
0.85 0.945174 -0.64618 0.345597 
0.9 0.95645 -0.538283 0.362242 
0.95 0.963842 -0.461414 0.374567 
1 0.968589 -0.408349 0.383418 
1.05 0.971581 -0.372701 0.389601 
1.1 0.973437 -0.349317 0.393816 
1.15 0.97457 -0.334298 0.396625 
1.2 0.975253 -0.324831 0.39846 
1.25 0.975659 -0.318962 0.399636 
1.3 0.975898 -0.315378 0.400378 
1.35 0.976037 -0.31322 0.400839 
1.4 0.976117 -0.311936 0.401121 
1.45 0.976162 -0.311181 0.401291 
1.5 0.976188 -0.310742 0.401393 
1.55 0.976203 -0.310489 0.401453 
1.6 0.976211 -0.310344 0.401488 
1.65 0.976216 -0.310262 0.401509 
1.7 0.976218 -0.310216 0.40152 
1.75 0.976219 -0.31019 0.401527 
1.8 0.97622 -0.310176 0.401531 
1.85 0.976221 -0.310168 0.401533 
1.9 0.976221 -0.310163 0.401534 
1.95 0.976221 -0.310161 0.401535