0 0 0 0
0.2 0 0 1
0 0.2 0 6
0 0 0 0
0 0 0.2 36
0.2 0 0 1

0 0 0.2 36
0 0.2 0 6


0.2 0 0 1
0 0.2 0 6
0 0 0.2 36
0.2 0 0 1
0.2 0 0.2 37
0 0.2 0 6

0.2 0 0.2 37
0 0 0.2 36


0 0.2 0 6
0 0 0.2 36
0.2 0 0.2 37
0 0.2 0 6
0 0.2 0.2 42
0 0 0.2 36

0 0.2 0.2 42
0.2 0 0.2 37


0.2 0 0 1
0 0.2 0 6
0.2 0 0.2 37
0.2 0 0 1
0.2 0.2 0 7
0 0.2 0 6

0.2 0.2 0 7
0.2 0 0.2 37


0 0.2 0 6
0.2 0 0.2 37
0.2 0.2 0 7
0 0.2 0 6
0 0.2 0.2 42
0.2 0 0.2 37

0 0.2 0.2 42
0.2 0.2 0 7


0.2 0 0.2 37
0.2 0.2 0 7
0 0.2 0.2 42
0.2 0 0.2 37
0.2 0.2 0.2 43
0.2 0.2 0 7

0.2 0.2 0.2 43
0 0.2 0.2 42


0.2 0 0 1
0.4 0 0 2
0.2 0.2 0 7
0.2 0 0 1
0.2 0 0.2 37
0.4 0 0 2

0.2 0 0.2 37
0.2 0.2 0 7


0.4 0 0 2
0.2 0.2 0 7
0.2 0 0.2 37
0.4 0 0 2
0.4 0 0.2 38
0.2 0.2 0 7

0.4 0 0.2 38
0.2 0 0.2 37


0.2 0.2 0 7
0.2 0 0.2 37
0.4 0 0.2 38
0.2 0.2 0 7
0.2 0.2 0.2 43
0.2 0 0.2 37

0.2 0.2 0.2 43
0.4 0 0.2 38


0.4 0 0 2
0.2 0.2 0 7
0.4 0 0.2 38
0.4 0 0 2
0.4 0.2 0 8
0.2 0.2 0 7

0.4 0.2 0 8
0.4 0 0.2 38


0.2 0.2 0 7
0.4 0 0.2 38
0.4 0.2 0 8
0.2 0.2 0 7
0.2 0.2 0.2 43
0.4 0 0.2 38

0.2 0.2 0.2 43
0.4 0.2 0 8


0.4 0 0.2 38
0.4 0.2 0 8
0.2 0.2 0.2 43
0.4 0 0.2 38
0.4 0.2 0.2 44
0.4 0.2 0 8

0.4 0.2 0.2 44
0.2 0.2 0.2 43


0.4 0 0 2
0.6 0 0 3
0.4 0.2 0 8
0.4 0 0 2
0.4 0 0.2 38
0.6 0 0 3

0.4 0 0.2 38
0.4 0.2 0 8


0.6 0 0 3
0.4 0.2 0 8
0.4 0 0.2 38
0.6 0 0 3
0.6 0 0.2 39
0.4 0.2 0 8

0.6 0 0.2 39
0.4 0 0.2 38


0.4 0.2 0 8
0.4 0 0.2 38
0.6 0 0.2 39
0.4 0.2 0 8
0.4 0.2 0.2 44
0.4 0 0.2 38

0.4 0.2 0.2 44
0.6 0 0.2 39


0.6 0 0 3
0.4 0.2 0 8
0.6 0 0.2 39
0.6 0 0 3
0.6 0.2 0 9
0.4 0.2 0 8

0.6 0.2 0 9
0.6 0 0.2 39


0.4 0.2 0 8
0.6 0 0.2 39
0.6 0.2 0 9
0.4 0.2 0 8
0.4 0.2 0.2 44
0.6 0 0.2 39

0.4 0.2 0.2 44
0.6 0.2 0 9


0.6 0 0.2 39
0.6 0.2 0 9
0.4 0.2 0.2 44
0.6 0 0.2 39
0.6 0.2 0.2 45
0.6 0.2 0 9

0.6 0.2 0.2 45
0.4 0.2 0.2 44


0.6 0 0 3
0.8 0 0 4
0.6 0.2 0 9
0.6 0 0 3
0.6 0 0.2 39
0.8 0 0 4

0.6 0 0.2 39
0.6 0.2 0 9


0.8 0 0 4
0.6 0.2 0 9
0.6 0 0.2 39
0.8 0 0 4
0.8 0 0.2 40
0.6 0.2 0 9

0.8 0 0.2 40
0.6 0 0.2 39


0.6 0.2 0 9
0.6 0 0.2 39
0.8 0 0.2 40
0.6 0.2 0 9
0.6 0.2 0.2 45
0.6 0 0.2 39

0.6 0.2 0.2 45
0.8 0 0.2 40


0.8 0 0 4
0.6 0.2 0 9
0.8 0 0.2 40
0.8 0 0 4
0.8 0.2 0 10
0.6 0.2 0 9

0.8 0.2 0 10
0.8 0 0.2 40


0.6 0.2 0 9
0.8 0 0.2 40
0.8 0.2 0 10
0.6 0.2 0 9
0.6 0.2 0.2 45
0.8 0 0.2 40

0.6 0.2 0.2 45
0.8 0.2 0 10


0.8 0 0.2 40
0.8 0.2 0 10
0.6 0.2 0.2 45
0.8 0 0.2 40
0.8 0.2 0.2 46
0.8 0.2 0 10

0.8 0.2 0.2 46
0.6 0.2 0.2 45


0.8 0 0 4
1 0 0 5
0.8 0.2 0 10
0.8 0 0 4
0.8 0 0.2 40
1 0 0 5

0.8 0 0.2 40
0.8 0.2 0 10


1 0 0 5
0.8 0.2 0 10
0.8 0 0.2 40
1 0 0 5
1 0 0.2 41
0.8 0.2 0 10

1 0 0.2 41
0.8 0 0.2 40


0.8 0.2 0 10
0.8 0 0.2 40
1 0 0.2 41
0.8 0.2 0 10
0.8 0.2 0.2 46
0.8 0 0.2 40

0.8 0.2 0.2 46
1 0 0.2 41


1 0 0 5
0.8 0.2 0 10
1 0 0.2 41
1 0 0 5
1 0.2 0 11
0.8 0.2 0 10

1 0.2 0 11
1 0 0.2 41


0.8 0.2 0 10
1 0 0.2 41
1 0.2 0 11
0.8 0.2 0 10
0.8 0.2 0.2 46
1 0 0.2 41

0.8 0.2 0.2 46
1 0.2 0 11


1 0 0.2 41
1 0.2 0 11
0.8 0.2 0.2 46
1 0 0.2 41
1 0.2 0.2 47
1 0.2 0 11

1 0.2 0.2 47
0.8 0.2 0.2 46


0 0.2 0 6
0.2 0.2 0 7
0 0.4 0 12
0 0.2 0 6
0 0.2 0.2 42
0.2 0.2 0 7

0 0.2 0.2 42
0 0.4 0 12


0.2 0.2 0 7
0 0.4 0 12
0 0.2 0.2 42
0.2 0.2 0 7
0.2 0.2 0.2 43
0 0.4 0 12

0.2 0.2 0.2 43
0 0.2 0.2 42


0 0.4 0 12
0 0.2 0.2 42
0.2 0.2 0.2 43
0 0.4 0 12
0 0.4 0.2 48
0 0.2 0.2 42

0 0.4 0.2 48
0.2 0.2 0.2 43


0.2 0.2 0 7
0 0.4 0 12
0.2 0.2 0.2 43
0.2 0.2 0 7
0.2 0.4 0 13
0 0.4 0 12

0.2 0.4 0 13
0.2 0.2 0.2 43


0 0.4 0 12
0.2 0.2 0.2 43
0.2 0.4 0 13
0 0.4 0 12
0 0.4 0.2 48
0.2 0.2 0.2 43

0 0.4 0.2 48
0.2 0.4 0 13


0.2 0.2 0.2 43
0.2 0.4 0 13
0 0.4 0.2 48
0.2 0.2 0.2 43
0.2 0.4 0.2 49
0.2 0.4 0 13

0.2 0.4 0.2 49
0 0.4 0.2 48


0.2 0.2 0 7
0.4 0.2 0 8
0.2 0.4 0 13
0.2 0.2 0 7
0.2 0.2 0.2 43
0.4 0.2 0 8

0.2 0.2 0.2 43
0.2 0.4 0 13


0.4 0.2 0 8
0.2 0.4 0 13
0.2 0.2 0.2 43
0.4 0.2 0 8
0.4 0.2 0.2 44
0.2 0.4 0 13

0.4 0.2 0.2 44
0.2 0.2 0.2 43


0.2 0.4 0 13
0.2 0.2 0.2 43
0.4 0.2 0.2 44
0.2 0.4 0 13
0.2 0.4 0.2 49
0.2 0.2 0.2 43

0.2 0.4 0.2 49
0.4 0.2 0.2 44


0.4 0.2 0 8
0.2 0.4 0 13
0.4 0.2 0.2 44
0.4 0.2 0 8
0.4 0.4 0 14
0.2 0.4 0 13

0.4 0.4 0 14
0.4 0.2 0.2 44


0.2 0.4 0 13
0.4 0.2 0.2 44
0.4 0.4 0 14
0.2 0.4 0 13
0.2 0.4 0.2 49
0.4 0.2 0.2 44

0.2 0.4 0.2 49
0.4 0.4 0 14


0.4 0.2 0.2 44
0.4 0.4 0 14
0.2 0.4 0.2 49
0.4 0.2 0.2 44
0.4 0.4 0.2 50
0.4 0.4 0 14

0.4 0.4 0.2 50
0.2 0.4 0.2 49


0.4 0.2 0 8
0.6 0.2 0 9
0.4 0.4 0 14
0.4 0.2 0 8
0.4 0.2 0.2 44
0.6 0.2 0 9

0.4 0.2 0.2 44
0.4 0.4 0 14


0.6 0.2 0 9
0.4 0.4 0 14
0.4 0.2 0.2 44
0.6 0.2 0 9
0.6 0.2 0.2 45
0.4 0.4 0 14

0.6 0.2 0.2 45
0.4 0.2 0.2 44


0.4 0.4 0 14
0.4 0.2 0.2 44
0.6 0.2 0.2 45
0.4 0.4 0 14
0.4 0.4 0.2 50
0.4 0.2 0.2 44

0.4 0.4 0.2 50
0.6 0.2 0.2 45


0.6 0.2 0 9
0.4 0.4 0 14
0.6 0.2 0.2 45
0.6 0.2 0 9
0.6 0.4 0 15
0.4 0.4 0 14

0.6 0.4 0 15
0.6 0.2 0.2 45


0.4 0.4 0 14
0.6 0.2 0.2 45
0.6 0.4 0 15
0.4 0.4 0 14
0.4 0.4 0.2 50
0.6 0.2 0.2 45

0.4 0.4 0.2 50
0.6 0.4 0 15


0.6 0.2 0.2 45
0.6 0.4 0 15
0.4 0.4 0.2 50
0.6 0.2 0.2 45
0.6 0.4 0.2 51
0.6 0.4 0 15

0.6 0.4 0.2 51
0.4 0.4 0.2 50


0.6 0.2 0 9
0.8 0.2 0 10
0.6 0.4 0 15
0.6 0.2 0 9
0.6 0.2 0.2 45
0.8 0.2 0 10

0.6 0.2 0.2 45
0.6 0.4 0 15


0.8 0.2 0 10
0.6 0.4 0 15
0.6 0.2 0.2 45
0.8 0.2 0 10
0.8 0.2 0.2 46
0.6 0.4 0 15

0.8 0.2 0.2 46
0.6 0.2 0.2 45


0.6 0.4 0 15
0.6 0.2 0.2 45
0.8 0.2 0.2 46
0.6 0.4 0 15
0.6 0.4 0.2 51
0.6 0.2 0.2 45

0.6 0.4 0.2 51
0.8 0.2 0.2 46


0.8 0.2 0 10
0.6 0.4 0 15
0.8 0.2 0.2 46
0.8 0.2 0 10
0.8 0.4 0 16
0.6 0.4 0 15

0.8 0.4 0 16
0.8 0.2 0.2 46


0.6 0.4 0 15
0.8 0.2 0.2 46
0.8 0.4 0 16
0.6 0.4 0 15
0.6 0.4 0.2 51
0.8 0.2 0.2 46

0.6 0.4 0.2 51
0.8 0.4 0 16


0.8 0.2 0.2 46
0.8 0.4 0 16
0.6 0.4 0.2 51
0.8 0.2 0.2 46
0.8 0.4 0.2 52
0.8 0.4 0 16

0.8 0.4 0.2 52
0.6 0.4 0.2 51


0.8 0.2 0 10
1 0.2 0 11
0.8 0.4 0 16
0.8 0.2 0 10
0.8 0.2 0.2 46
1 0.2 0 11

0.8 0.2 0.2 46
0.8 0.4 0 16


1 0.2 0 11
0.8 0.4 0 16
0.8 0.2 0.2 46
1 0.2 0 11
1 0.2 0.2 47
0.8 0.4 0 16

1 0.2 0.2 47
0.8 0.2 0.2 46


0.8 0.4 0 16
0.8 0.2 0.2 46
1 0.2 0.2 47
0.8 0.4 0 16
0.8 0.4 0.2 52
0.8 0.2 0.2 46

0.8 0.4 0.2 52
1 0.2 0.2 47


1 0.2 0 11
0.8 0.4 0 16
1 0.2 0.2 47
1 0.2 0 11
1 0.4 0 17
0.8 0.4 0 16

1 0.4 0 17
1 0.2 0.2 47


0.8 0.4 0 16
1 0.2 0.2 47
1 0.4 0 17
0.8 0.4 0 16
0.8 0.4 0.2 52
1 0.2 0.2 47

0.8 0.4 0.2 52
1 0.4 0 17


1 0.2 0.2 47
1 0.4 0 17
0.8 0.4 0.2 52
1 0.2 0.2 47
1 0.4 0.2 53
1 0.4 0 17

1 0.4 0.2 53
0.8 0.4 0.2 52


0 0.4 0 12
0.2 0.4 0 13
0 0.6 0 18
0 0.4 0 12
0 0.4 0.2 48
0.2 0.4 0 13

0 0.4 0.2 48
0 0.6 0 18


0.2 0.4 0 13
0 0.6 0 18
0 0.4 0.2 48
0.2 0.4 0 13
0.2 0.4 0.2 49
0 0.6 0 18

0.2 0.4 0.2 49
0 0.4 0.2 48


0 0.6 0 18
0 0.4 0.2 48
0.2 0.4 0.2 49
0 0.6 0 18
0 0.6 0.2 54
0 0.4 0.2 48

0 0.6 0.2 54
0.2 0.4 0.2 49


0.2 0.4 0 13
0 0.6 0 18
0.2 0.4 0.2 49
0.2 0.4 0 13
0.2 0.6 0 19
0 0.6 0 18

0.2 0.6 0 19
0.2 0.4 0.2 49


0 0.6 0 18
0.2 0.4 0.2 49
0.2 0.6 0 19
0 0.6 0 18
0 0.6 0.2 54
0.2 0.4 0.2 49

0 0.6 0.2 54
0.2 0.6 0 19


0.2 0.4 0.2 49
0.2 0.6 0 19
0 0.6 0.2 54
0.2 0.4 0.2 49
0.2 0.6 0.2 55
0.2 0.6 0 19

0.2 0.6 0.2 55
0 0.6 0.2 54


0.2 0.4 0 13
0.4 0.4 0 14
0.2 0.6 0 19
0.2 0.4 0 13
0.2 0.4 0.2 49
0.4 0.4 0 14

0.2 0.4 0.2 49
0.2 0.6 0 19


0.4 0.4 0 14
0.2 0.6 0 19
0.2 0.4 0.2 49
0.4 0.4 0 14
0.4 0.4 0.2 50
0.2 0.6 0 19

0.4 0.4 0.2 50
0.2 0.4 0.2 49


0.2 0.6 0 19
0.2 0.4 0.2 49
0.4 0.4 0.2 50
0.2 0.6 0 19
0.2 0.6 0.2 55
0.2 0.4 0.2 49

0.2 0.6 0.2 55
0.4 0.4 0.2 50


0.4 0.4 0 14
0.2 0.6 0 19
0.4 0.4 0.2 50
0.4 0.4 0 14
0.4 0.6 0 20
0.2 0.6 0 19

0.4 0.6 0 20
0.4 0.4 0.2 50


0.2 0.6 0 19
0.4 0.4 0.2 50
0.4 0.6 0 20
0.2 0.6 0 19
0.2 0.6 0.2 55
0.4 0.4 0.2 50

0.2 0.6 0.2 55
0.4 0.6 0 20


0.4 0.4 0.2 50
0.4 0.6 0 20
0.2 0.6 0.2 55
0.4 0.4 0.2 50
0.4 0.6 0.2 56
0.4 0.6 0 20

0.4 0.6 0.2 56
0.2 0.6 0.2 55


0.4 0.4 0 14
0.6 0.4 0 15
0.4 0.6 0 20
0.4 0.4 0 14
0.4 0.4 0.2 50
0.6 0.4 0 15

0.4 0.4 0.2 50
0.4 0.6 0 20


0.6 0.4 0 15
0.4 0.6 0 20
0.4 0.4 0.2 50
0.6 0.4 0 15
0.6 0.4 0.2 51
0.4 0.6 0 20

0.6 0.4 0.2 51
0.4 0.4 0.2 50


0.4 0.6 0 20
0.4 0.4 0.2 50
0.6 0.4 0.2 51
0.4 0.6 0 20
0.4 0.6 0.2 56
0.4 0.4 0.2 50

0.4 0.6 0.2 56
0.6 0.4 0.2 51


0.6 0.4 0 15
0.4 0.6 0 20
0.6 0.4 0.2 51
0.6 0.4 0 15
0.6 0.6 0 21
0.4 0.6 0 20

0.6 0.6 0 21
0.6 0.4 0.2 51


0.4 0.6 0 20
0.6 0.4 0.2 51
0.6 0.6 0 21
0.4 0.6 0 20
0.4 0.6 0.2 56
0.6 0.4 0.2 51

0.4 0.6 0.2 56
0.6 0.6 0 21


0.6 0.4 0.2 51
0.6 0.6 0 21
0.4 0.6 0.2 56
0.6 0.4 0.2 51
0.6 0.6 0.2 57
0.6 0.6 0 21

0.6 0.6 0.2 57
0.4 0.6 0.2 56


0.6 0.4 0 15
0.8 0.4 0 16
0.6 0.6 0 21
0.6 0.4 0 15
0.6 0.4 0.2 51
0.8 0.4 0 16

0.6 0.4 0.2 51
0.6 0.6 0 21


0.8 0.4 0 16
0.6 0.6 0 21
0.6 0.4 0.2 51
0.8 0.4 0 16
0.8 0.4 0.2 52
0.6 0.6 0 21

0.8 0.4 0.2 52
0.6 0.4 0.2 51


0.6 0.6 0 21
0.6 0.4 0.2 51
0.8 0.4 0.2 52
0.6 0.6 0 21
0.6 0.6 0.2 57
0.6 0.4 0.2 51

0.6 0.6 0.2 57
0.8 0.4 0.2 52


0.8 0.4 0 16
0.6 0.6 0 21
0.8 0.4 0.2 52
0.8 0.4 0 16
0.8 0.6 0 22
0.6 0.6 0 21

0.8 0.6 0 22
0.8 0.4 0.2 52


0.6 0.6 0 21
0.8 0.4 0.2 52
0.8 0.6 0 22
0.6 0.6 0 21
0.6 0.6 0.2 57
0.8 0.4 0.2 52

0.6 0.6 0.2 57
0.8 0.6 0 22


0.8 0.4 0.2 52
0.8 0.6 0 22
0.6 0.6 0.2 57
0.8 0.4 0.2 52
0.8 0.6 0.2 58
0.8 0.6 0 22

0.8 0.6 0.2 58
0.6 0.6 0.2 57


0.8 0.4 0 16
1 0.4 0 17
0.8 0.6 0 22
0.8 0.4 0 16
0.8 0.4 0.2 52
1 0.4 0 17

0.8 0.4 0.2 52
0.8 0.6 0 22


1 0.4 0 17
0.8 0.6 0 22
0.8 0.4 0.2 52
1 0.4 0 17
1 0.4 0.2 53
0.8 0.6 0 22

1 0.4 0.2 53
0.8 0.4 0.2 52


0.8 0.6 0 22
0.8 0.4 0.2 52
1 0.4 0.2 53
0.8 0.6 0 22
0.8 0.6 0.2 58
0.8 0.4 0.2 52

0.8 0.6 0.2 58
1 0.4 0.2 53


1 0.4 0 17
0.8 0.6 0 22
1 0.4 0.2 53
1 0.4 0 17
1 0.6 0 23
0.8 0.6 0 22

1 0.6 0 23
1 0.4 0.2 53


0.8 0.6 0 22
1 0.4 0.2 53
1 0.6 0 23
0.8 0.6 0 22
0.8 0.6 0.2 58
1 0.4 0.2 53

0.8 0.6 0.2 58
1 0.6 0 23


1 0.4 0.2 53
1 0.6 0 23
0.8 0.6 0.2 58
1 0.4 0.2 53
1 0.6 0.2 59
1 0.6 0 23

1 0.6 0.2 59
0.8 0.6 0.2 58


0 0.6 0 18
0.2 0.6 0 19
0 0.8 0 24
0 0.6 0 18
0 0.6 0.2 54
0.2 0.6 0 19

0 0.6 0.2 54
0 0.8 0 24


0.2 0.6 0 19
0 0.8 0 24
0 0.6 0.2 54
0.2 0.6 0 19
0.2 0.6 0.2 55
0 0.8 0 24

0.2 0.6 0.2 55
0 0.6 0.2 54


0 0.8 0 24
0 0.6 0.2 54
0.2 0.6 0.2 55
0 0.8 0 24
0 0.8 0.2 60
0 0.6 0.2 54

0 0.8 0.2 60
0.2 0.6 0.2 55


0.2 0.6 0 19
0 0.8 0 24
0.2 0.6 0.2 55
0.2 0.6 0 19
0.2 0.8 0 25
0 0.8 0 24

0.2 0.8 0 25
0.2 0.6 0.2 55


0 0.8 0 24
0.2 0.6 0.2 55
0.2 0.8 0 25
0 0.8 0 24
0 0.8 0.2 60
0.2 0.6 0.2 55

0 0.8 0.2 60
0.2 0.8 0 25


0.2 0.6 0.2 55
0.2 0.8 0 25
0 0.8 0.2 60
0.2 0.6 0.2 55
0.2 0.8 0.2 61
0.2 0.8 0 25

0.2 0.8 0.2 61
0 0.8 0.2 60


0.2 0.6 0 19
0.4 0.6 0 20
0.2 0.8 0 25
0.2 0.6 0 19
0.2 0.6 0.2 55
0.4 0.6 0 20

0.2 0.6 0.2 55
0.2 0.8 0 25


0.4 0.6 0 20
0.2 0.8 0 25
0.2 0.6 0.2 55
0.4 0.6 0 20
0.4 0.6 0.2 56
0.2 0.8 0 25

0.4 0.6 0.2 56
0.2 0.6 0.2 55


0.2 0.8 0 25
0.2 0.6 0.2 55
0.4 0.6 0.2 56
0.2 0.8 0 25
0.2 0.8 0.2 61
0.2 0.6 0.2 55

0.2 0.8 0.2 61
0.4 0.6 0.2 56


0.4 0.6 0 20
0.2 0.8 0 25
0.4 0.6 0.2 56
0.4 0.6 0 20
0.4 0.8 0 26
0.2 0.8 0 25

0.4 0.8 0 26
0.4 0.6 0.2 56


0.2 0.8 0 25
0.4 0.6 0.2 56
0.4 0.8 0 26
0.2 0.8 0 25
0.2 0.8 0.2 61
0.4 0.6 0.2 56

0.2 0.8 0.2 61
0.4 0.8 0 26


0.4 0.6 0.2 56
0.4 0.8 0 26
0.2 0.8 0.2 61
0.4 0.6 0.2 56
0.4 0.8 0.2 62
0.4 0.8 0 26

0.4 0.8 0.2 62
0.2 0.8 0.2 61


0.4 0.6 0 20
0.6 0.6 0 21
0.4 0.8 0 26
0.4 0.6 0 20
0.4 0.6 0.2 56
0.6 0.6 0 21

0.4 0.6 0.2 56
0.4 0.8 0 26


0.6 0.6 0 21
0.4 0.8 0 26
0.4 0.6 0.2 56
0.6 0.6 0 21
0.6 0.6 0.2 57
0.4 0.8 0 26

0.6 0.6 0.2 57
0.4 0.6 0.2 56


0.4 0.8 0 26
0.4 0.6 0.2 56
0.6 0.6 0.2 57
0.4 0.8 0 26
0.4 0.8 0.2 62
0.4 0.6 0.2 56

0.4 0.8 0.2 62
0.6 0.6 0.2 57


0.6 0.6 0 21
0.4 0.8 0 26
0.6 0.6 0.2 57
0.6 0.6 0 21
0.6 0.8 0 27
0.4 0.8 0 26

0.6 0.8 0 27
0.6 0.6 0.2 57


0.4 0.8 0 26
0.6 0.6 0.2 57
0.6 0.8 0 27
0.4 0.8 0 26
0.4 0.8 0.2 62
0.6 0.6 0.2 57

0.4 0.8 0.2 62
0.6 0.8 0 27


0.6 0.6 0.2 57
0.6 0.8 0 27
0.4 0.8 0.2 62
0.6 0.6 0.2 57
0.6 0.8 0.2 63
0.6 0.8 0 27

0.6 0.8 0.2 63
0.4 0.8 0.2 62


0.6 0.6 0 21
0.8 0.6 0 22
0.6 0.8 0 27
0.6 0.6 0 21
0.6 0.6 0.2 57
0.8 0.6 0 22

0.6 0.6 0.2 57
0.6 0.8 0 27


0.8 0.6 0 22
0.6 0.8 0 27
0.6 0.6 0.2 57
0.8 0.6 0 22
0.8 0.6 0.2 58
0.6 0.8 0 27

0.8 0.6 0.2 58
0.6 0.6 0.2 57


0.6 0.8 0 27
0.6 0.6 0.2 57
0.8 0.6 0.2 58
0.6 0.8 0 27
0.6 0.8 0.2 63
0.6 0.6 0.2 57

0.6 0.8 0.2 63
0.8 0.6 0.2 58


0.8 0.6 0 22
0.6 0.8 0 27
0.8 0.6 0.2 58
0.8 0.6 0 22
0.8 0.8 0 28
0.6 0.8 0 27

0.8 0.8 0 28
0.8 0.6 0.2 58


0.6 0.8 0 27
0.8 0.6 0.2 58
0.8 0.8 0 28
0.6 0.8 0 27
0.6 0.8 0.2 63
0.8 0.6 0.2 58

0.6 0.8 0.2 63
0.8 0.8 0 28


0.8 0.6 0.2 58
0.8 0.8 0 28
0.6 0.8 0.2 63
0.8 0.6 0.2 58
0.8 0.8 0.2 64
0.8 0.8 0 28

0.8 0.8 0.2 64
0.6 0.8 0.2 63


0.8 0.6 0 22
1 0.6 0 23
0.8 0.8 0 28
0.8 0.6 0 22
0.8 0.6 0.2 58
1 0.6 0 23

0.8 0.6 0.2 58
0.8 0.8 0 28


1 0.6 0 23
0.8 0.8 0 28
0.8 0.6 0.2 58
1 0.6 0 23
1 0.6 0.2 59
0.8 0.8 0 28

1 0.6 0.2 59
0.8 0.6 0.2 58


0.8 0.8 0 28
0.8 0.6 0.2 58
1 0.6 0.2 59
0.8 0.8 0 28
0.8 0.8 0.2 64
0.8 0.6 0.2 58

0.8 0.8 0.2 64
1 0.6 0.2 59


1 0.6 0 23
0.8 0.8 0 28
1 0.6 0.2 59
1 0.6 0 23
1 0.8 0 29
0.8 0.8 0 28

1 0.8 0 29
1 0.6 0.2 59


0.8 0.8 0 28
1 0.6 0.2 59
1 0.8 0 29
0.8 0.8 0 28
0.8 0.8 0.2 64
1 0.6 0.2 59

0.8 0.8 0.2 64
1 0.8 0 29


1 0.6 0.2 59
1 0.8 0 29
0.8 0.8 0.2 64
1 0.6 0.2 59
1 0.8 0.2 65
1 0.8 0 29

1 0.8 0.2 65
0.8 0.8 0.2 64


0 0.8 0 24
0.2 0.8 0 25
0 1 0 30
0 0.8 0 24
0 0.8 0.2 60
0.2 0.8 0 25

0 0.8 0.2 60
0 1 0 30


0.2 0.8 0 25
0 1 0 30
0 0.8 0.2 60
0.2 0.8 0 25
0.2 0.8 0.2 61
0 1 0 30

0.2 0.8 0.2 61
0 0.8 0.2 60


0 1 0 30
0 0.8 0.2 60
0.2 0.8 0.2 61
0 1 0 30
0 1 0.2 66
0 0.8 0.2 60

0 1 0.2 66
0.2 0.8 0.2 61


0.2 0.8 0 25
0 1 0 30
0.2 0.8 0.2 61
0.2 0.8 0 25
0.2 1 0 31
0 1 0 30

0.2 1 0 31
0.2 0.8 0.2 61


0 1 0 30
0.2 0.8 0.2 61
0.2 1 0 31
0 1 0 30
0 1 0.2 66
0.2 0.8 0.2 61

0 1 0.2 66
0.2 1 0 31


0.2 0.8 0.2 61
0.2 1 0 31
0 1 0.2 66
0.2 0.8 0.2 61
0.2 1 0.2 67
0.2 1 0 31

0.2 1 0.2 67
0 1 0.2 66


0.2 0.8 0 25
0.4 0.8 0 26
0.2 1 0 31
0.2 0.8 0 25
0.2 0.8 0.2 61
0.4 0.8 0 26

0.2 0.8 0.2 61
0.2 1 0 31


0.4 0.8 0 26
0.2 1 0 31
0.2 0.8 0.2 61
0.4 0.8 0 26
0.4 0.8 0.2 62
0.2 1 0 31

0.4 0.8 0.2 62
0.2 0.8 0.2 61


0.2 1 0 31
0.2 0.8 0.2 61
0.4 0.8 0.2 62
0.2 1 0 31
0.2 1 0.2 67
0.2 0.8 0.2 61

0.2 1 0.2 67
0.4 0.8 0.2 62


0.4 0.8 0 26
0.2 1 0 31
0.4 0.8 0.2 62
0.4 0.8 0 26
0.4 1 0 32
0.2 1 0 31

0.4 1 0 32
0.4 0.8 0.2 62


0.2 1 0 31
0.4 0.8 0.2 62
0.4 1 0 32
0.2 1 0 31
0.2 1 0.2 67
0.4 0.8 0.2 62

0.2 1 0.2 67
0.4 1 0 32


0.4 0.8 0.2 62
0.4 1 0 32
0.2 1 0.2 67
0.4 0.8 0.2 62
0.4 1 0.2 68
0.4 1 0 32

0.4 1 0.2 68
0.2 1 0.2 67


0.4 0.8 0 26
0.6 0.8 0 27
0.4 1 0 32
0.4 0.8 0 26
0.4 0.8 0.2 62
0.6 0.8 0 27

0.4 0.8 0.2 62
0.4 1 0 32


0.6 0.8 0 27
0.4 1 0 32
0.4 0.8 0.2 62
0.6 0.8 0 27
0.6 0.8 0.2 63
0.4 1 0 32

0.6 0.8 0.2 63
0.4 0.8 0.2 62


0.4 1 0 32
0.4 0.8 0.2 62
0.6 0.8 0.2 63
0.4 1 0 32
0.4 1 0.2 68
0.4 0.8 0.2 62

0.4 1 0.2 68
0.6 0.8 0.2 63


0.6 0.8 0 27
0.4 1 0 32
0.6 0.8 0.2 63
0.6 0.8 0 27
0.6 1 0 33
0.4 1 0 32

0.6 1 0 33
0.6 0.8 0.2 63


0.4 1 0 32
0.6 0.8 0.2 63
0.6 1 0 33
0.4 1 0 32
0.4 1 0.2 68
0.6 0.8 0.2 63

0.4 1 0.2 68
0.6 1 0 33


0.6 0.8 0.2 63
0.6 1 0 33
0.4 1 0.2 68
0.6 0.8 0.2 63
0.6 1 0.2 69
0.6 1 0 33

0.6 1 0.2 69
0.4 1 0.2 68


0.6 0.8 0 27
0.8 0.8 0 28
0.6 1 0 33
0.6 0.8 0 27
0.6 0.8 0.2 63
0.8 0.8 0 28

0.6 0.8 0.2 63
0.6 1 0 33


0.8 0.8 0 28
0.6 1 0 33
0.6 0.8 0.2 63
0.8 0.8 0 28
0.8 0.8 0.2 64
0.6 1 0 33

0.8 0.8 0.2 64
0.6 0.8 0.2 63


0.6 1 0 33
0.6 0.8 0.2 63
0.8 0.8 0.2 64
0.6 1 0 33
0.6 1 0.2 69
0.6 0.8 0.2 63

0.6 1 0.2 69
0.8 0.8 0.2 64


0.8 0.8 0 28
0.6 1 0 33
0.8 0.8 0.2 64
0.8 0.8 0 28
0.8 1 0 34
0.6 1 0 33

0.8 1 0 34
0.8 0.8 0.2 64


0.6 1 0 33
0.8 0.8 0.2 64
0.8 1 0 34
0.6 1 0 33
0.6 1 0.2 69
0.8 0.8 0.2 64

0.6 1 0.2 69
0.8 1 0 34


0.8 0.8 0.2 64
0.8 1 0 34
0.6 1 0.2 69
0.8 0.8 0.2 64
0.8 1 0.2 70
0.8 1 0 34

0.8 1 0.2 70
0.6 1 0.2 69


0.8 0.8 0 28
1 0.8 0 29
0.8 1 0 34
0.8 0.8 0 28
0.8 0.8 0.2 64
1 0.8 0 29

0.8 0.8 0.2 64
0.8 1 0 34


1 0.8 0 29
0.8 1 0 34
0.8 0.8 0.2 64
1 0.8 0 29
1 0.8 0.2 65
0.8 1 0 34

1 0.8 0.2 65
0.8 0.8 0.2 64


0.8 1 0 34
0.8 0.8 0.2 64
1 0.8 0.2 65
0.8 1 0 34
0.8 1 0.2 70
0.8 0.8 0.2 64

0.8 1 0.2 70
1 0.8 0.2 65


1 0.8 0 29
0.8 1 0 34
1 0.8 0.2 65
1 0.8 0 29
1 1 0 35
0.8 1 0 34

1 1 0 35
1 0.8 0.2 65


0.8 1 0 34
1 0.8 0.2 65
1 1 0 35
0.8 1 0 34
0.8 1 0.2 70
1 0.8 0.2 65

0.8 1 0.2 70
1 1 0 35


1 0.8 0.2 65
1 1 0 35
0.8 1 0.2 70
1 0.8 0.2 65
1 1 0.2 71
1 1 0 35

1 1 0.2 71
0.8 1 0.2 70


0 0 0.2 36
0.2 0 0.2 37
0 0.2 0.2 42
0 0 0.2 36
0 0 0.4 72
0.2 0 0.2 37

0 0 0.4 72
0 0.2 0.2 42


0.2 0 0.2 37
0 0.2 0.2 42
0 0 0.4 72
0.2 0 0.2 37
0.2 0 0.4 73
0 0.2 0.2 42

0.2 0 0.4 73
0 0 0.4 72


0 0.2 0.2 42
0 0 0.4 72
0.2 0 0.4 73
0 0.2 0.2 42
0 0.2 0.4 78
0 0 0.4 72

0 0.2 0.4 78
0.2 0 0.4 73


0.2 0 0.2 37
0 0.2 0.2 42
0.2 0 0.4 73
0.2 0 0.2 37
0.2 0.2 0.2 43
0 0.2 0.2 42

0.2 0.2 0.2 43
0.2 0 0.4 73


0 0.2 0.2 42
0.2 0 0.4 73
0.2 0.2 0.2 43
0 0.2 0.2 42
0 0.2 0.4 78
0.2 0 0.4 73

0 0.2 0.4 78
0.2 0.2 0.2 43


0.2 0 0.4 73
0.2 0.2 0.2 43
0 0.2 0.4 78
0.2 0 0.4 73
0.2 0.2 0.4 79
0.2 0.2 0.2 43

0.2 0.2 0.4 79
0 0.2 0.4 78


0.2 0 0.2 37
0.4 0 0.2 38
0.2 0.2 0.2 43
0.2 0 0.2 37
0.2 0 0.4 73
0.4 0 0.2 38

0.2 0 0.4 73
0.2 0.2 0.2 43


0.4 0 0.2 38
0.2 0.2 0.2 43
0.2 0 0.4 73
0.4 0 0.2 38
0.4 0 0.4 74
0.2 0.2 0.2 43

0.4 0 0.4 74
0.2 0 0.4 73


0.2 0.2 0.2 43
0.2 0 0.4 73
0.4 0 0.4 74
0.2 0.2 0.2 43
0.2 0.2 0.4 79
0.2 0 0.4 73

0.2 0.2 0.4 79
0.4 0 0.4 74


0.4 0 0.2 38
0.2 0.2 0.2 43
0.4 0 0.4 74
0.4 0 0.2 38
0.4 0.2 0.2 44
0.2 0.2 0.2 43

0.4 0.2 0.2 44
0.4 0 0.4 74


0.2 0.2 0.2 43
0.4 0 0.4 74
0.4 0.2 0.2 44
0.2 0.2 0.2 43
0.2 0.2 0.4 79
0.4 0 0.4 74

0.2 0.2 0.4 79
0.4 0.2 0.2 44


0.4 0 0.4 74
0.4 0.2 0.2 44
0.2 0.2 0.4 79
0.4 0 0.4 74
0.4 0.2 0.4 80
0.4 0.2 0.2 44

0.4 0.2 0.4 80
0.2 0.2 0.4 79


0.4 0 0.2 38
0.6 0 0.2 39
0.4 0.2 0.2 44
0.4 0 0.2 38
0.4 0 0.4 74
0.6 0 0.2 39

0.4 0 0.4 74
0.4 0.2 0.2 44


0.6 0 0.2 39
0.4 0.2 0.2 44
0.4 0 0.4 74
0.6 0 0.2 39
0.6 0 0.4 75
0.4 0.2 0.2 44

0.6 0 0.4 75
0.4 0 0.4 74


0.4 0.2 0.2 44
0.4 0 0.4 74
0.6 0 0.4 75
0.4 0.2 0.2 44
0.4 0.2 0.4 80
0.4 0 0.4 74

0.4 0.2 0.4 80
0.6 0 0.4 75


0.6 0 0.2 39
0.4 0.2 0.2 44
0.6 0 0.4 75
0.6 0 0.2 39
0.6 0.2 0.2 45
0.4 0.2 0.2 44

0.6 0.2 0.2 45
0.6 0 0.4 75


0.4 0.2 0.2 44
0.6 0 0.4 75
0.6 0.2 0.2 45
0.4 0.2 0.2 44
0.4 0.2 0.4 80
0.6 0 0.4 75

0.4 0.2 0.4 80
0.6 0.2 0.2 45


0.6 0 0.4 75
0.6 0.2 0.2 45
0.4 0.2 0.4 80
0.6 0 0.4 75
0.6 0.2 0.4 81
0.6 0.2 0.2 45

0.6 0.2 0.4 81
0.4 0.2 0.4 80


0.6 0 0.2 39
0.8 0 0.2 40
0.6 0.2 0.2 45
0.6 0 0.2 39
0.6 0 0.4 75
0.8 0 0.2 40

0.6 0 0.4 75
0.6 0.2 0.2 45


0.8 0 0.2 40
0.6 0.2 0.2 45
0.6 0 0.4 75
0.8 0 0.2 40
0.8 0 0.4 76
0.6 0.2 0.2 45

0.8 0 0.4 76
0.6 0 0.4 75


0.6 0.2 0.2 45
0.6 0 0.4 75
0.8 0 0.4 76
0.6 0.2 0.2 45
0.6 0.2 0.4 81
0.6 0 0.4 75

0.6 0.2 0.4 81
0.8 0 0.4 76


0.8 0 0.2 40
0.6 0.2 0.2 45
0.8 0 0.4 76
0.8 0 0.2 40
0.8 0.2 0.2 46
0.6 0.2 0.2 45

0.8 0.2 0.2 46
0.8 0 0.4 76


0.6 0.2 0.2 45
0.8 0 0.4 76
0.8 0.2 0.2 46
0.6 0.2 0.2 45
0.6 0.2 0.4 81
0.8 0 0.4 76

0.6 0.2 0.4 81
0.8 0.2 0.2 46


0.8 0 0.4 76
0.8 0.2 0.2 46
0.6 0.2 0.4 81
0.8 0 0.4 76
0.8 0.2 0.4 82
0.8 0.2 0.2 46

0.8 0.2 0.4 82
0.6 0.2 0.4 81


0.8 0 0.2 40
1 0 0.2 41
0.8 0.2 0.2 46
0.8 0 0.2 40
0.8 0 0.4 76
1 0 0.2 41

0.8 0 0.4 76
0.8 0.2 0.2 46


1 0 0.2 41
0.8 0.2 0.2 46
0.8 0 0.4 76
1 0 0.2 41
1 0 0.4 77
0.8 0.2 0.2 46

1 0 0.4 77
0.8 0 0.4 76


0.8 0.2 0.2 46
0.8 0 0.4 76
1 0 0.4 77
0.8 0.2 0.2 46
0.8 0.2 0.4 82
0.8 0 0.4 76

0.8 0.2 0.4 82
1 0 0.4 77


1 0 0.2 41
0.8 0.2 0.2 46
1 0 0.4 77
1 0 0.2 41
1 0.2 0.2 47
0.8 0.2 0.2 46

1 0.2 0.2 47
1 0 0.4 77


0.8 0.2 0.2 46
1 0 0.4 77
1 0.2 0.2 47
0.8 0.2 0.2 46
0.8 0.2 0.4 82
1 0 0.4 77

0.8 0.2 0.4 82
1 0.2 0.2 47


1 0 0.4 77
1 0.2 0.2 47
0.8 0.2 0.4 82
1 0 0.4 77
1 0.2 0.4 83
1 0.2 0.2 47

1 0.2 0.4 83
0.8 0.2 0.4 82


0 0.2 0.2 42
0.2 0.2 0.2 43
0 0.4 0.2 48
0 0.2 0.2 42
0 0.2 0.4 78
0.2 0.2 0.2 43

0 0.2 0.4 78
0 0.4 0.2 48


0.2 0.2 0.2 43
0 0.4 0.2 48
0 0.2 0.4 78
0.2 0.2 0.2 43
0.2 0.2 0.4 79
0 0.4 0.2 48

0.2 0.2 0.4 79
0 0.2 0.4 78


0 0.4 0.2 48
0 0.2 0.4 78
0.2 0.2 0.4 79
0 0.4 0.2 48
0 0.4 0.4 84
0 0.2 0.4 78

0 0.4 0.4 84
0.2 0.2 0.4 79


0.2 0.2 0.2 43
0 0.4 0.2 48
0.2 0.2 0.4 79
0.2 0.2 0.2 43
0.2 0.4 0.2 49
0 0.4 0.2 48

0.2 0.4 0.2 49
0.2 0.2 0.4 79


0 0.4 0.2 48
0.2 0.2 0.4 79
0.2 0.4 0.2 49
0 0.4 0.2 48
0 0.4 0.4 84
0.2 0.2 0.4 79

0 0.4 0.4 84
0.2 0.4 0.2 49


0.2 0.2 0.4 79
0.2 0.4 0.2 49
0 0.4 0.4 84
0.2 0.2 0.4 79
0.2 0.4 0.4 85
0.2 0.4 0.2 49

0.2 0.4 0.4 85
0 0.4 0.4 84


0.2 0.2 0.2 43
0.4 0.2 0.2 44
0.2 0.4 0.2 49
0.2 0.2 0.2 43
0.2 0.2 0.4 79
0.4 0.2 0.2 44

0.2 0.2 0.4 79
0.2 0.4 0.2 49


0.4 0.2 0.2 44
0.2 0.4 0.2 49
0.2 0.2 0.4 79
0.4 0.2 0.2 44
0.4 0.2 0.4 80
0.2 0.4 0.2 49

0.4 0.2 0.4 80
0.2 0.2 0.4 79


0.2 0.4 0.2 49
0.2 0.2 0.4 79
0.4 0.2 0.4 80
0.2 0.4 0.2 49
0.2 0.4 0.4 85
0.2 0.2 0.4 79

0.2 0.4 0.4 85
0.4 0.2 0.4 80


0.4 0.2 0.2 44
0.2 0.4 0.2 49
0.4 0.2 0.4 80
0.4 0.2 0.2 44
0.4 0.4 0.2 50
0.2 0.4 0.2 49

0.4 0.4 0.2 50
0.4 0.2 0.4 80


0.2 0.4 0.2 49
0.4 0.2 0.4 80
0.4 0.4 0.2 50
0.2 0.4 0.2 49
0.2 0.4 0.4 85
0.4 0.2 0.4 80

0.2 0.4 0.4 85
0.4 0.4 0.2 50


0.4 0.2 0.4 80
0.4 0.4 0.2 50
0.2 0.4 0.4 85
0.4 0.2 0.4 80
0.4 0.4 0.4 86
0.4 0.4 0.2 50

0.4 0.4 0.4 86
0.2 0.4 0.4 85


0.4 0.2 0.2 44
0.6 0.2 0.2 45
0.4 0.4 0.2 50
0.4 0.2 0.2 44
0.4 0.2 0.4 80
0.6 0.2 0.2 45

0.4 0.2 0.4 80
0.4 0.4 0.2 50


0.6 0.2 0.2 45
0.4 0.4 0.2 50
0.4 0.2 0.4 80
0.6 0.2 0.2 45
0.6 0.2 0.4 81
0.4 0.4 0.2 50

0.6 0.2 0.4 81
0.4 0.2 0.4 80


0.4 0.4 0.2 50
0.4 0.2 0.4 80
0.6 0.2 0.4 81
0.4 0.4 0.2 50
0.4 0.4 0.4 86
0.4 0.2 0.4 80

0.4 0.4 0.4 86
0.6 0.2 0.4 81


0.6 0.2 0.2 45
0.4 0.4 0.2 50
0.6 0.2 0.4 81
0.6 0.2 0.2 45
0.6 0.4 0.2 51
0.4 0.4 0.2 50

0.6 0.4 0.2 51
0.6 0.2 0.4 81


0.4 0.4 0.2 50
0.6 0.2 0.4 81
0.6 0.4 0.2 51
0.4 0.4 0.2 50
0.4 0.4 0.4 86
0.6 0.2 0.4 81

0.4 0.4 0.4 86
0.6 0.4 0.2 51


0.6 0.2 0.4 81
0.6 0.4 0.2 51
0.4 0.4 0.4 86
0.6 0.2 0.4 81
0.6 0.4 0.4 87
0.6 0.4 0.2 51

0.6 0.4 0.4 87
0.4 0.4 0.4 86


0.6 0.2 0.2 45
0.8 0.2 0.2 46
0.6 0.4 0.2 51
0.6 0.2 0.2 45
0.6 0.2 0.4 81
0.8 0.2 0.2 46

0.6 0.2 0.4 81
0.6 0.4 0.2 51


0.8 0.2 0.2 46
0.6 0.4 0.2 51
0.6 0.2 0.4 81
0.8 0.2 0.2 46
0.8 0.2 0.4 82
0.6 0.4 0.2 51

0.8 0.2 0.4 82
0.6 0.2 0.4 81


0.6 0.4 0.2 51
0.6 0.2 0.4 81
0.8 0.2 0.4 82
0.6 0.4 0.2 51
0.6 0.4 0.4 87
0.6 0.2 0.4 81

0.6 0.4 0.4 87
0.8 0.2 0.4 82


0.8 0.2 0.2 46
0.6 0.4 0.2 51
0.8 0.2 0.4 82
0.8 0.2 0.2 46
0.8 0.4 0.2 52
0.6 0.4 0.2 51

0.8 0.4 0.2 52
0.8 0.2 0.4 82


0.6 0.4 0.2 51
0.8 0.2 0.4 82
0.8 0.4 0.2 52
0.6 0.4 0.2 51
0.6 0.4 0.4 87
0.8 0.2 0.4 82

0.6 0.4 0.4 87
0.8 0.4 0.2 52


0.8 0.2 0.4 82
0.8 0.4 0.2 52
0.6 0.4 0.4 87
0.8 0.2 0.4 82
0.8 0.4 0.4 88
0.8 0.4 0.2 52

0.8 0.4 0.4 88
0.6 0.4 0.4 87


0.8 0.2 0.2 46
1 0.2 0.2 47
0.8 0.4 0.2 52
0.8 0.2 0.2 46
0.8 0.2 0.4 82
1 0.2 0.2 47

0.8 0.2 0.4 82
0.8 0.4 0.2 52


1 0.2 0.2 47
0.8 0.4 0.2 52
0.8 0.2 0.4 82
1 0.2 0.2 47
1 0.2 0.4 83
0.8 0.4 0.2 52

1 0.2 0.4 83
0.8 0.2 0.4 82


0.8 0.4 0.2 52
0.8 0.2 0.4 82
1 0.2 0.4 83
0.8 0.4 0.2 52
0.8 0.4 0.4 88
0.8 0.2 0.4 82

0.8 0.4 0.4 88
1 0.2 0.4 83


1 0.2 0.2 47
0.8 0.4 0.2 52
1 0.2 0.4 83
1 0.2 0.2 47
1 0.4 0.2 53
0.8 0.4 0.2 52

1 0.4 0.2 53
1 0.2 0.4 83


0.8 0.4 0.2 52
1 0.2 0.4 83
1 0.4 0.2 53
0.8 0.4 0.2 52
0.8 0.4 0.4 88
1 0.2 0.4 83

0.8 0.4 0.4 88
1 0.4 0.2 53


1 0.2 0.4 83
1 0.4 0.2 53
0.8 0.4 0.4 88
1 0.2 0.4 83
1 0.4 0.4 89
1 0.4 0.2 53

1 0.4 0.4 89
0.8 0.4 0.4 88


0 0.4 0.2 48
0.2 0.4 0.2 49
0 0.6 0.2 54
0 0.4 0.2 48
0 0.4 0.4 84
0.2 0.4 0.2 49

0 0.4 0.4 84
0 0.6 0.2 54


0.2 0.4 0.2 49
0 0.6 0.2 54
0 0.4 0.4 84
0.2 0.4 0.2 49
0.2 0.4 0.4 85
0 0.6 0.2 54

0.2 0.4 0.4 85
0 0.4 0.4 84


0 0.6 0.2 54
0 0.4 0.4 84
0.2 0.4 0.4 85
0 0.6 0.2 54
0 0.6 0.4 90
0 0.4 0.4 84

0 0.6 0.4 90
0.2 0.4 0.4 85


0.2 0.4 0.2 49
0 0.6 0.2 54
0.2 0.4 0.4 85
0.2 0.4 0.2 49
0.2 0.6 0.2 55
0 0.6 0.2 54

0.2 0.6 0.2 55
0.2 0.4 0.4 85


0 0.6 0.2 54
0.2 0.4 0.4 85
0.2 0.6 0.2 55
0 0.6 0.2 54
0 0.6 0.4 90
0.2 0.4 0.4 85

0 0.6 0.4 90
0.2 0.6 0.2 55


0.2 0.4 0.4 85
0.2 0.6 0.2 55
0 0.6 0.4 90
0.2 0.4 0.4 85
0.2 0.6 0.4 91
0.2 0.6 0.2 55

0.2 0.6 0.4 91
0 0.6 0.4 90


0.2 0.4 0.2 49
0.4 0.4 0.2 50
0.2 0.6 0.2 55
0.2 0.4 0.2 49
0.2 0.4 0.4 85
0.4 0.4 0.2 50

0.2 0.4 0.4 85
0.2 0.6 0.2 55


0.4 0.4 0.2 50
0.2 0.6 0.2 55
0.2 0.4 0.4 85
0.4 0.4 0.2 50
0.4 0.4 0.4 86
0.2 0.6 0.2 55

0.4 0.4 0.4 86
0.2 0.4 0.4 85


0.2 0.6 0.2 55
0.2 0.4 0.4 85
0.4 0.4 0.4 86
0.2 0.6 0.2 55
0.2 0.6 0.4 91
0.2 0.4 0.4 85

0.2 0.6 0.4 91
0.4 0.4 0.4 86


0.4 0.4 0.2 50
0.2 0.6 0.2 55
0.4 0.4 0.4 86
0.4 0.4 0.2 50
0.4 0.6 0.2 56
0.2 0.6 0.2 55

0.4 0.6 0.2 56
0.4 0.4 0.4 86


0.2 0.6 0.2 55
0.4 0.4 0.4 86
0.4 0.6 0.2 56
0.2 0.6 0.2 55
0.2 0.6 0.4 91
0.4 0.4 0.4 86

0.2 0.6 0.4 91
0.4 0.6 0.2 56


0.4 0.4 0.4 86
0.4 0.6 0.2 56
0.2 0.6 0.4 91
0.4 0.4 0.4 86
0.4 0.6 0.4 92
0.4 0.6 0.2 56

0.4 0.6 0.4 92
0.2 0.6 0.4 91


0.4 0.4 0.2 50
0.6 0.4 0.2 51
0.4 0.6 0.2 56
0.4 0.4 0.2 50
0.4 0.4 0.4 86
0.6 0.4 0.2 51

0.4 0.4 0.4 86
0.4 0.6 0.2 56


0.6 0.4 0.2 51
0.4 0.6 0.2 56
0.4 0.4 0.4 86
0.6 0.4 0.2 51
0.6 0.4 0.4 87
0.4 0.6 0.2 56

0.6 0.4 0.4 87
0.4 0.4 0.4 86


0.4 0.6 0.2 56
0.4 0.4 0.4 86
0.6 0.4 0.4 87
0.4 0.6 0.2 56
0.4 0.6 0.4 92
0.4 0.4 0.4 86

0.4 0.6 0.4 92
0.6 0.4 0.4 87


0.6 0.4 0.2 51
0.4 0.6 0.2 56
0.6 0.4 0.4 87
0.6 0.4 0.2 51
0.6 0.6 0.2 57
0.4 0.6 0.2 56

0.6 0.6 0.2 57
0.6 0.4 0.4 87


0.4 0.6 0.2 56
0.6 0.4 0.4 87
0.6 0.6 0.2 57
0.4 0.6 0.2 56
0.4 0.6 0.4 92
0.6 0.4 0.4 87

0.4 0.6 0.4 92
0.6 0.6 0.2 57


0.6 0.4 0.4 87
0.6 0.6 0.2 57
0.4 0.6 0.4 92
0.6 0.4 0.4 87
0.6 0.6 0.4 93
0.6 0.6 0.2 57

0.6 0.6 0.4 93
0.4 0.6 0.4 92


0.6 0.4 0.2 51
0.8 0.4 0.2 52
0.6 0.6 0.2 57
0.6 0.4 0.2 51
0.6 0.4 0.4 87
0.8 0.4 0.2 52

0.6 0.4 0.4 87
0.6 0.6 0.2 57


0.8 0.4 0.2 52
0.6 0.6 0.2 57
0.6 0.4 0.4 87
0.8 0.4 0.2 52
0.8 0.4 0.4 88
0.6 0.6 0.2 57

0.8 0.4 0.4 88
0.6 0.4 0.4 87


0.6 0.6 0.2 57
0.6 0.4 0.4 87
0.8 0.4 0.4 88
0.6 0.6 0.2 57
0.6 0.6 0.4 93
0.6 0.4 0.4 87

0.6 0.6 0.4 93
0.8 0.4 0.4 88


0.8 0.4 0.2 52
0.6 0.6 0.2 57
0.8 0.4 0.4 88
0.8 0.4 0.2 52
0.8 0.6 0.2 58
0.6 0.6 0.2 57

0.8 0.6 0.2 58
0.8 0.4 0.4 88


0.6 0.6 0.2 57
0.8 0.4 0.4 88
0.8 0.6 0.2 58
0.6 0.6 0.2 57
0.6 0.6 0.4 93
0.8 0.4 0.4 88

0.6 0.6 0.4 93
0.8 0.6 0.2 58


0.8 0.4 0.4 88
0.8 0.6 0.2 58
0.6 0.6 0.4 93
0.8 0.4 0.4 88
0.8 0.6 0.4 94
0.8 0.6 0.2 58

0.8 0.6 0.4 94
0.6 0.6 0.4 93


0.8 0.4 0.2 52
1 0.4 0.2 53
0.8 0.6 0.2 58
0.8 0.4 0.2 52
0.8 0.4 0.4 88
1 0.4 0.2 53

0.8 0.4 0.4 88
0.8 0.6 0.2 58


1 0.4 0.2 53
0.8 0.6 0.2 58
0.8 0.4 0.4 88
1 0.4 0.2 53
1 0.4 0.4 89
0.8 0.6 0.2 58

1 0.4 0.4 89
0.8 0.4 0.4 88


0.8 0.6 0.2 58
0.8 0.4 0.4 88
1 0.4 0.4 89
0.8 0.6 0.2 58
0.8 0.6 0.4 94
0.8 0.4 0.4 88

0.8 0.6 0.4 94
1 0.4 0.4 89


1 0.4 0.2 53
0.8 0.6 0.2 58
1 0.4 0.4 89
1 0.4 0.2 53
1 0.6 0.2 59
0.8 0.6 0.2 58

1 0.6 0.2 59
1 0.4 0.4 89


0.8 0.6 0.2 58
1 0.4 0.4 89
1 0.6 0.2 59
0.8 0.6 0.2 58
0.8 0.6 0.4 94
1 0.4 0.4 89

0.8 0.6 0.4 94
1 0.6 0.2 59


1 0.4 0.4 89
1 0.6 0.2 59
0.8 0.6 0.4 94
1 0.4 0.4 89
1 0.6 0.4 95
1 0.6 0.2 59

1 0.6 0.4 95
0.8 0.6 0.4 94


0 0.6 0.2 54
0.2 0.6 0.2 55
0 0.8 0.2 60
0 0.6 0.2 54
0 0.6 0.4 90
0.2 0.6 0.2 55

0 0.6 0.4 90
0 0.8 0.2 60


0.2 0.6 0.2 55
0 0.8 0.2 60
0 0.6 0.4 90
0.2 0.6 0.2 55
0.2 0.6 0.4 91
0 0.8 0.2 60

0.2 0.6 0.4 91
0 0.6 0.4 90


0 0.8 0.2 60
0 0.6 0.4 90
0.2 0.6 0.4 91
0 0.8 0.2 60
0 0.8 0.4 96
0 0.6 0.4 90

0 0.8 0.4 96
0.2 0.6 0.4 91


0.2 0.6 0.2 55
0 0.8 0.2 60
0.2 0.6 0.4 91
0.2 0.6 0.2 55
0.2 0.8 0.2 61
0 0.8 0.2 60

0.2 0.8 0.2 61
0.2 0.6 0.4 91


0 0.8 0.2 60
0.2 0.6 0.4 91
0.2 0.8 0.2 61
0 0.8 0.2 60
0 0.8 0.4 96
0.2 0.6 0.4 91

0 0.8 0.4 96
0.2 0.8 0.2 61


0.2 0.6 0.4 91
0.2 0.8 0.2 61
0 0.8 0.4 96
0.2 0.6 0.4 91
0.2 0.8 0.4 97
0.2 0.8 0.2 61

0.2 0.8 0.4 97
0 0.8 0.4 96


0.2 0.6 0.2 55
0.4 0.6 0.2 56
0.2 0.8 0.2 61
0.2 0.6 0.2 55
0.2 0.6 0.4 91
0.4 0.6 0.2 56

0.2 0.6 0.4 91
0.2 0.8 0.2 61


0.4 0.6 0.2 56
0.2 0.8 0.2 61
0.2 0.6 0.4 91
0.4 0.6 0.2 56
0.4 0.6 0.4 92
0.2 0.8 0.2 61

0.4 0.6 0.4 92
0.2 0.6 0.4 91


0.2 0.8 0.2 61
0.2 0.6 0.4 91
0.4 0.6 0.4 92
0.2 0.8 0.2 61
0.2 0.8 0.4 97
0.2 0.6 0.4 91

0.2 0.8 0.4 97
0.4 0.6 0.4 92


0.4 0.6 0.2 56
0.2 0.8 0.2 61
0.4 0.6 0.4 92
0.4 0.6 0.2 56
0.4 0.8 0.2 62
0.2 0.8 0.2 61

0.4 0.8 0.2 62
0.4 0.6 0.4 92


0.2 0.8 0.2 61
0.4 0.6 0.4 92
0.4 0.8 0.2 62
0.2 0.8 0.2 61
0.2 0.8 0.4 97
0.4 0.6 0.4 92

0.2 0.8 0.4 97
0.4 0.8 0.2 62


0.4 0.6 0.4 92
0.4 0.8 0.2 62
0.2 0.8 0.4 97
0.4 0.6 0.4 92
0.4 0.8 0.4 98
0.4 0.8 0.2 62

0.4 0.8 0.4 98
0.2 0.8 0.4 97


0.4 0.6 0.2 56
0.6 0.6 0.2 57
0.4 0.8 0.2 62
0.4 0.6 0.2 56
0.4 0.6 0.4 92
0.6 0.6 0.2 57

0.4 0.6 0.4 92
0.4 0.8 0.2 62


0.6 0.6 0.2 57
0.4 0.8 0.2 62
0.4 0.6 0.4 92
0.6 0.6 0.2 57
0.6 0.6 0.4 93
0.4 0.8 0.2 62

0.6 0.6 0.4 93
0.4 0.6 0.4 92


0.4 0.8 0.2 62
0.4 0.6 0.4 92
0.6 0.6 0.4 93
0.4 0.8 0.2 62
0.4 0.8 0.4 98
0.4 0.6 0.4 92

0.4 0.8 0.4 98
0.6 0.6 0.4 93


0.6 0.6 0.2 57
0.4 0.8 0.2 62
0.6 0.6 0.4 93
0.6 0.6 0.2 57
0.6 0.8 0.2 63
0.4 0.8 0.2 62

0.6 0.8 0.2 63
0.6 0.6 0.4 93


0.4 0.8 0.2 62
0.6 0.6 0.4 93
0.6 0.8 0.2 63
0.4 0.8 0.2 62
0.4 0.8 0.4 98
0.6 0.6 0.4 93

0.4 0.8 0.4 98
0.6 0.8 0.2 63


0.6 0.6 0.4 93
0.6 0.8 0.2 63
0.4 0.8 0.4 98
0.6 0.6 0.4 93
0.6 0.8 0.4 99
0.6 0.8 0.2 63

0.6 0.8 0.4 99
0.4 0.8 0.4 98


0.6 0.6 0.2 57
0.8 0.6 0.2 58
0.6 0.8 0.2 63
0.6 0.6 0.2 57
0.6 0.6 0.4 93
0.8 0.6 0.2 58

0.6 0.6 0.4 93
0.6 0.8 0.2 63


0.8 0.6 0.2 58
0.6 0.8 0.2 63
0.6 0.6 0.4 93
0.8 0.6 0.2 58
0.8 0.6 0.4 94
0.6 0.8 0.2 63

0.8 0.6 0.4 94
0.6 0.6 0.4 93


0.6 0.8 0.2 63
0.6 0.6 0.4 93
0.8 0.6 0.4 94
0.6 0.8 0.2 63
0.6 0.8 0.4 99
0.6 0.6 0.4 93

0.6 0.8 0.4 99
0.8 0.6 0.4 94


0.8 0.6 0.2 58
0.6 0.8 0.2 63
0.8 0.6 0.4 94
0.8 0.6 0.2 58
0.8 0.8 0.2 64
0.6 0.8 0.2 63

0.8 0.8 0.2 64
0.8 0.6 0.4 94


0.6 0.8 0.2 63
0.8 0.6 0.4 94
0.8 0.8 0.2 64
0.6 0.8 0.2 63
0.6 0.8 0.4 99
0.8 0.6 0.4 94

0.6 0.8 0.4 99
0.8 0.8 0.2 64


0.8 0.6 0.4 94
0.8 0.8 0.2 64
0.6 0.8 0.4 99
0.8 0.6 0.4 94
0.8 0.8 0.4 100
0.8 0.8 0.2 64

0.8 0.8 0.4 100
0.6 0.8 0.4 99


0.8 0.6 0.2 58
1 0.6 0.2 59
0.8 0.8 0.2 64
0.8 0.6 0.2 58
0.8 0.6 0.4 94
1 0.6 0.2 59

0.8 0.6 0.4 94
0.8 0.8 0.2 64


1 0.6 0.2 59
0.8 0.8 0.2 64
0.8 0.6 0.4 94
1 0.6 0.2 59
1 0.6 0.4 95
0.8 0.8 0.2 64

1 0.6 0.4 95
0.8 0.6 0.4 94


0.8 0.8 0.2 64
0.8 0.6 0.4 94
1 0.6 0.4 95
0.8 0.8 0.2 64
0.8 0.8 0.4 100
0.8 0.6 0.4 94

0.8 0.8 0.4 100
1 0.6 0.4 95


1 0.6 0.2 59
0.8 0.8 0.2 64
1 0.6 0.4 95
1 0.6 0.2 59
1 0.8 0.2 65
0.8 0.8 0.2 64

1 0.8 0.2 65
1 0.6 0.4 95


0.8 0.8 0.2 64
1 0.6 0.4 95
1 0.8 0.2 65
0.8 0.8 0.2 64
0.8 0.8 0.4 100
1 0.6 0.4 95

0.8 0.8 0.4 100
1 0.8 0.2 65


1 0.6 0.4 95
1 0.8 0.2 65
0.8 0.8 0.4 100
1 0.6 0.4 95
1 0.8 0.4 101
1 0.8 0.2 65

1 0.8 0.4 101
0.8 0.8 0.4 100


0 0.8 0.2 60
0.2 0.8 0.2 61
0 1 0.2 66
0 0.8 0.2 60
0 0.8 0.4 96
0.2 0.8 0.2 61

0 0.8 0.4 96
0 1 0.2 66


0.2 0.8 0.2 61
0 1 0.2 66
0 0.8 0.4 96
0.2 0.8 0.2 61
0.2 0.8 0.4 97
0 1 0.2 66

0.2 0.8 0.4 97
0 0.8 0.4 96


0 1 0.2 66
0 0.8 0.4 96
0.2 0.8 0.4 97
0 1 0.2 66
0 1 0.4 102
0 0.8 0.4 96

0 1 0.4 102
0.2 0.8 0.4 97


0.2 0.8 0.2 61
0 1 0.2 66
0.2 0.8 0.4 97
0.2 0.8 0.2 61
0.2 1 0.2 67
0 1 0.2 66

0.2 1 0.2 67
0.2 0.8 0.4 97


0 1 0.2 66
0.2 0.8 0.4 97
0.2 1 0.2 67
0 1 0.2 66
0 1 0.4 102
0.2 0.8 0.4 97

0 1 0.4 102
0.2 1 0.2 67


0.2 0.8 0.4 97
0.2 1 0.2 67
0 1 0.4 102
0.2 0.8 0.4 97
0.2 1 0.4 103
0.2 1 0.2 67

0.2 1 0.4 103
0 1 0.4 102


0.2 0.8 0.2 61
0.4 0.8 0.2 62
0.2 1 0.2 67
0.2 0.8 0.2 61
0.2 0.8 0.4 97
0.4 0.8 0.2 62

0.2 0.8 0.4 97
0.2 1 0.2 67


0.4 0.8 0.2 62
0.2 1 0.2 67
0.2 0.8 0.4 97
0.4 0.8 0.2 62
0.4 0.8 0.4 98
0.2 1 0.2 67

0.4 0.8 0.4 98
0.2 0.8 0.4 97


0.2 1 0.2 67
0.2 0.8 0.4 97
0.4 0.8 0.4 98
0.2 1 0.2 67
0.2 1 0.4 103
0.2 0.8 0.4 97

0.2 1 0.4 103
0.4 0.8 0.4 98


0.4 0.8 0.2 62
0.2 1 0.2 67
0.4 0.8 0.4 98
0.4 0.8 0.2 62
0.4 1 0.2 68
0.2 1 0.2 67

0.4 1 0.2 68
0.4 0.8 0.4 98


0.2 1 0.2 67
0.4 0.8 0.4 98
0.4 1 0.2 68
0.2 1 0.2 67
0.2 1 0.4 103
0.4 0.8 0.4 98

0.2 1 0.4 103
0.4 1 0.2 68


0.4 0.8 0.4 98
0.4 1 0.2 68
0.2 1 0.4 103
0.4 0.8 0.4 98
0.4 1 0.4 104
0.4 1 0.2 68

0.4 1 0.4 104
0.2 1 0.4 103


0.4 0.8 0.2 62
0.6 0.8 0.2 63
0.4 1 0.2 68
0.4 0.8 0.2 62
0.4 0.8 0.4 98
0.6 0.8 0.2 63

0.4 0.8 0.4 98
0.4 1 0.2 68


0.6 0.8 0.2 63
0.4 1 0.2 68
0.4 0.8 0.4 98
0.6 0.8 0.2 63
0.6 0.8 0.4 99
0.4 1 0.2 68

0.6 0.8 0.4 99
0.4 0.8 0.4 98


0.4 1 0.2 68
0.4 0.8 0.4 98
0.6 0.8 0.4 99
0.4 1 0.2 68
0.4 1 0.4 104
0.4 0.8 0.4 98

0.4 1 0.4 104
0.6 0.8 0.4 99


0.6 0.8 0.2 63
0.4 1 0.2 68
0.6 0.8 0.4 99
0.6 0.8 0.2 63
0.6 1 0.2 69
0.4 1 0.2 68

0.6 1 0.2 69
0.6 0.8 0.4 99


0.4 1 0.2 68
0.6 0.8 0.4 99
0.6 1 0.2 69
0.4 1 0.2 68
0.4 1 0.4 104
0.6 0.8 0.4 99

0.4 1 0.4 104
0.6 1 0.2 69


0.6 0.8 0.4 99
0.6 1 0.2 69
0.4 1 0.4 104
0.6 0.8 0.4 99
0.6 1 0.4 105
0.6 1 0.2 69

0.6 1 0.4 105
0.4 1 0.4 104


0.6 0.8 0.2 63
0.8 0.8 0.2 64
0.6 1 0.2 69
0.6 0.8 0.2 63
0.6 0.8 0.4 99
0.8 0.8 0.2 64

0.6 0.8 0.4 99
0.6 1 0.2 69


0.8 0.8 0.2 64
0.6 1 0.2 69
0.6 0.8 0.4 99
0.8 0.8 0.2 64
0.8 0.8 0.4 100
0.6 1 0.2 69

0.8 0.8 0.4 100
0.6 0.8 0.4 99


0.6 1 0.2 69
0.6 0.8 0.4 99
0.8 0.8 0.4 100
0.6 1 0.2 69
0.6 1 0.4 105
0.6 0.8 0.4 99

0.6 1 0.4 105
0.8 0.8 0.4 100


0.8 0.8 0.2 64
0.6 1 0.2 69
0.8 0.8 0.4 100
0.8 0.8 0.2 64
0.8 1 0.2 70
0.6 1 0.2 69

0.8 1 0.2 70
0.8 0.8 0.4 100


0.6 1 0.2 69
0.8 0.8 0.4 100
0.8 1 0.2 70
0.6 1 0.2 69
0.6 1 0.4 105
0.8 0.8 0.4 100

0.6 1 0.4 105
0.8 1 0.2 70


0.8 0.8 0.4 100
0.8 1 0.2 70
0.6 1 0.4 105
0.8 0.8 0.4 100
0.8 1 0.4 106
0.8 1 0.2 70

0.8 1 0.4 106
0.6 1 0.4 105


0.8 0.8 0.2 64
1 0.8 0.2 65
0.8 1 0.2 70
0.8 0.8 0.2 64
0.8 0.8 0.4 100
1 0.8 0.2 65

0.8 0.8 0.4 100
0.8 1 0.2 70


1 0.8 0.2 65
0.8 1 0.2 70
0.8 0.8 0.4 100
1 0.8 0.2 65
1 0.8 0.4 101
0.8 1 0.2 70

1 0.8 0.4 101
0.8 0.8 0.4 100


0.8 1 0.2 70
0.8 0.8 0.4 100
1 0.8 0.4 101
0.8 1 0.2 70
0.8 1 0.4 106
0.8 0.8 0.4 100

0.8 1 0.4 106
1 0.8 0.4 101


1 0.8 0.2 65
0.8 1 0.2 70
1 0.8 0.4 101
1 0.8 0.2 65
1 1 0.2 71
0.8 1 0.2 70

1 1 0.2 71
1 0.8 0.4 101


0.8 1 0.2 70
1 0.8 0.4 101
1 1 0.2 71
0.8 1 0.2 70
0.8 1 0.4 106
1 0.8 0.4 101

0.8 1 0.4 106
1 1 0.2 71


1 0.8 0.4 101
1 1 0.2 71
0.8 1 0.4 106
1 0.8 0.4 101
1 1 0.4 107
1 1 0.2 71

1 1 0.4 107
0.8 1 0.4 106


0 0 0.4 72
0.2 0 0.4 73
0 0.2 0.4 78
0 0 0.4 72
0 0 0.6 108
0.2 0 0.4 73

0 0 0.6 108
0 0.2 0.4 78


0.2 0 0.4 73
0 0.2 0.4 78
0 0 0.6 108
0.2 0 0.4 73
0.2 0 0.6 109
0 0.2 0.4 78

0.2 0 0.6 109
0 0 0.6 108


0 0.2 0.4 78
0 0 0.6 108
0.2 0 0.6 109
0 0.2 0.4 78
0 0.2 0.6 114
0 0 0.6 108

0 0.2 0.6 114
0.2 0 0.6 109


0.2 0 0.4 73
0 0.2 0.4 78
0.2 0 0.6 109
0.2 0 0.4 73
0.2 0.2 0.4 79
0 0.2 0.4 78

0.2 0.2 0.4 79
0.2 0 0.6 109


0 0.2 0.4 78
0.2 0 0.6 109
0.2 0.2 0.4 79
0 0.2 0.4 78
0 0.2 0.6 114
0.2 0 0.6 109

0 0.2 0.6 114
0.2 0.2 0.4 79


0.2 0 0.6 109
0.2 0.2 0.4 79
0 0.2 0.6 114
0.2 0 0.6 109
0.2 0.2 0.6 115
0.2 0.2 0.4 79

0.2 0.2 0.6 115
0 0.2 0.6 114


0.2 0 0.4 73
0.4 0 0.4 74
0.2 0.2 0.4 79
0.2 0 0.4 73
0.2 0 0.6 109
0.4 0 0.4 74

0.2 0 0.6 109
0.2 0.2 0.4 79


0.4 0 0.4 74
0.2 0.2 0.4 79
0.2 0 0.6 109
0.4 0 0.4 74
0.4 0 0.6 110
0.2 0.2 0.4 79

0.4 0 0.6 110
0.2 0 0.6 109


0.2 0.2 0.4 79
0.2 0 0.6 109
0.4 0 0.6 110
0.2 0.2 0.4 79
0.2 0.2 0.6 115
0.2 0 0.6 109

0.2 0.2 0.6 115
0.4 0 0.6 110


0.4 0 0.4 74
0.2 0.2 0.4 79
0.4 0 0.6 110
0.4 0 0.4 74
0.4 0.2 0.4 80
0.2 0.2 0.4 79

0.4 0.2 0.4 80
0.4 0 0.6 110


0.2 0.2 0.4 79
0.4 0 0.6 110
0.4 0.2 0.4 80
0.2 0.2 0.4 79
0.2 0.2 0.6 115
0.4 0 0.6 110

0.2 0.2 0.6 115
0.4 0.2 0.4 80


0.4 0 0.6 110
0.4 0.2 0.4 80
0.2 0.2 0.6 115
0.4 0 0.6 110
0.4 0.2 0.6 116
0.4 0.2 0.4 80

0.4 0.2 0.6 116
0.2 0.2 0.6 115


0.4 0 0.4 74
0.6 0 0.4 75
0.4 0.2 0.4 80
0.4 0 0.4 74
0.4 0 0.6 110
0.6 0 0.4 75

0.4 0 0.6 110
0.4 0.2 0.4 80


0.6 0 0.4 75
0.4 0.2 0.4 80
0.4 0 0.6 110
0.6 0 0.4 75
0.6 0 0.6 111
0.4 0.2 0.4 80

0.6 0 0.6 111
0.4 0 0.6 110


0.4 0.2 0.4 80
0.4 0 0.6 110
0.6 0 0.6 111
0.4 0.2 0.4 80
0.4 0.2 0.6 116
0.4 0 0.6 110

0.4 0.2 0.6 116
0.6 0 0.6 111


0.6 0 0.4 75
0.4 0.2 0.4 80
0.6 0 0.6 111
0.6 0 0.4 75
0.6 0.2 0.4 81
0.4 0.2 0.4 80

0.6 0.2 0.4 81
0.6 0 0.6 111


0.4 0.2 0.4 80
0.6 0 0.6 111
0.6 0.2 0.4 81
0.4 0.2 0.4 80
0.4 0.2 0.6 116
0.6 0 0.6 111

0.4 0.2 0.6 116
0.6 0.2 0.4 81


0.6 0 0.6 111
0.6 0.2 0.4 81
0.4 0.2 0.6 116
0.6 0 0.6 111
0.6 0.2 0.6 117
0.6 0.2 0.4 81

0.6 0.2 0.6 117
0.4 0.2 0.6 116


0.6 0 0.4 75
0.8 0 0.4 76
0.6 0.2 0.4 81
0.6 0 0.4 75
0.6 0 0.6 111
0.8 0 0.4 76

0.6 0 0.6 111
0.6 0.2 0.4 81


0.8 0 0.4 76
0.6 0.2 0.4 81
0.6 0 0.6 111
0.8 0 0.4 76
0.8 0 0.6 112
0.6 0.2 0.4 81

0.8 0 0.6 112
0.6 0 0.6 111


0.6 0.2 0.4 81
0.6 0 0.6 111
0.8 0 0.6 112
0.6 0.2 0.4 81
0.6 0.2 0.6 117
0.6 0 0.6 111

0.6 0.2 0.6 117
0.8 0 0.6 112


0.8 0 0.4 76
0.6 0.2 0.4 81
0.8 0 0.6 112
0.8 0 0.4 76
0.8 0.2 0.4 82
0.6 0.2 0.4 81

0.8 0.2 0.4 82
0.8 0 0.6 112


0.6 0.2 0.4 81
0.8 0 0.6 112
0.8 0.2 0.4 82
0.6 0.2 0.4 81
0.6 0.2 0.6 117
0.8 0 0.6 112

0.6 0.2 0.6 117
0.8 0.2 0.4 82


0.8 0 0.6 112
0.8 0.2 0.4 82
0.6 0.2 0.6 117
0.8 0 0.6 112
0.8 0.2 0.6 118
0.8 0.2 0.4 82

0.8 0.2 0.6 118
0.6 0.2 0.6 117


0.8 0 0.4 76
1 0 0.4 77
0.8 0.2 0.4 82
0.8 0 0.4 76
0.8 0 0.6 112
1 0 0.4 77

0.8 0 0.6 112
0.8 0.2 0.4 82


1 0 0.4 77
0.8 0.2 0.4 82
0.8 0 0.6 112
1 0 0.4 77
1 0 0.6 113
0.8 0.2 0.4 82

1 0 0.6 113
0.8 0 0.6 112


0.8 0.2 0.4 82
0.8 0 0.6 112
1 0 0.6 113
0.8 0.2 0.4 82
0.8 0.2 0.6 118
0.8 0 0.6 112

0.8 0.2 0.6 118
1 0 0.6 113


1 0 0.4 77
0.8 0.2 0.4 82
1 0 0.6 113
1 0 0.4 77
1 0.2 0.4 83
0.8 0.2 0.4 82

1 0.2 0.4 83
1 0 0.6 113


0.8 0.2 0.4 82
1 0 0.6 113
1 0.2 0.4 83
0.8 0.2 0.4 82
0.8 0.2 0.6 118
1 0 0.6 113

0.8 0.2 0.6 118
1 0.2 0.4 83


1 0 0.6 113
1 0.2 0.4 83
0.8 0.2 0.6 118
1 0 0.6 113
1 0.2 0.6 119
1 0.2 0.4 83

1 0.2 0.6 119
0.8 0.2 0.6 118


0 0.2 0.4 78
0.2 0.2 0.4 79
0 0.4 0.4 84
0 0.2 0.4 78
0 0.2 0.6 114
0.2 0.2 0.4 79

0 0.2 0.6 114
0 0.4 0.4 84


0.2 0.2 0.4 79
0 0.4 0.4 84
0 0.2 0.6 114
0.2 0.2 0.4 79
0.2 0.2 0.6 115
0 0.4 0.4 84

0.2 0.2 0.6 115
0 0.2 0.6 114


0 0.4 0.4 84
0 0.2 0.6 114
0.2 0.2 0.6 115
0 0.4 0.4 84
0 0.4 0.6 120
0 0.2 0.6 114

0 0.4 0.6 120
0.2 0.2 0.6 115


0.2 0.2 0.4 79
0 0.4 0.4 84
0.2 0.2 0.6 115
0.2 0.2 0.4 79
0.2 0.4 0.4 85
0 0.4 0.4 84

0.2 0.4 0.4 85
0.2 0.2 0.6 115


0 0.4 0.4 84
0.2 0.2 0.6 115
0.2 0.4 0.4 85
0 0.4 0.4 84
0 0.4 0.6 120
0.2 0.2 0.6 115

0 0.4 0.6 120
0.2 0.4 0.4 85


0.2 0.2 0.6 115
0.2 0.4 0.4 85
0 0.4 0.6 120
0.2 0.2 0.6 115
0.2 0.4 0.6 121
0.2 0.4 0.4 85

0.2 0.4 0.6 121
0 0.4 0.6 120


0.2 0.2 0.4 79
0.4 0.2 0.4 80
0.2 0.4 0.4 85
0.2 0.2 0.4 79
0.2 0.2 0.6 115
0.4 0.2 0.4 80

0.2 0.2 0.6 115
0.2 0.4 0.4 85


0.4 0.2 0.4 80
0.2 0.4 0.4 85
0.2 0.2 0.6 115
0.4 0.2 0.4 80
0.4 0.2 0.6 116
0.2 0.4 0.4 85

0.4 0.2 0.6 116
0.2 0.2 0.6 115


0.2 0.4 0.4 85
0.2 0.2 0.6 115
0.4 0.2 0.6 116
0.2 0.4 0.4 85
0.2 0.4 0.6 121
0.2 0.2 0.6 115

0.2 0.4 0.6 121
0.4 0.2 0.6 116


0.4 0.2 0.4 80
0.2 0.4 0.4 85
0.4 0.2 0.6 116
0.4 0.2 0.4 80
0.4 0.4 0.4 86
0.2 0.4 0.4 85

0.4 0.4 0.4 86
0.4 0.2 0.6 116


0.2 0.4 0.4 85
0.4 0.2 0.6 116
0.4 0.4 0.4 86
0.2 0.4 0.4 85
0.2 0.4 0.6 121
0.4 0.2 0.6 116

0.2 0.4 0.6 121
0.4 0.4 0.4 86


0.4 0.2 0.6 116
0.4 0.4 0.4 86
0.2 0.4 0.6 121
0.4 0.2 0.6 116
0.4 0.4 0.6 122
0.4 0.4 0.4 86

0.4 0.4 0.6 122
0.2 0.4 0.6 121


0.4 0.2 0.4 80
0.6 0.2 0.4 81
0.4 0.4 0.4 86
0.4 0.2 0.4 80
0.4 0.2 0.6 116
0.6 0.2 0.4 81

0.4 0.2 0.6 116
0.4 0.4 0.4 86


0.6 0.2 0.4 81
0.4 0.4 0.4 86
0.4 0.2 0.6 116
0.6 0.2 0.4 81
0.6 0.2 0.6 117
0.4 0.4 0.4 86

0.6 0.2 0.6 117
0.4 0.2 0.6 116


0.4 0.4 0.4 86
0.4 0.2 0.6 116
0.6 0.2 0.6 117
0.4 0.4 0.4 86
0.4 0.4 0.6 122
0.4 0.2 0.6 116

0.4 0.4 0.6 122
0.6 0.2 0.6 117


0.6 0.2 0.4 81
0.4 0.4 0.4 86
0.6 0.2 0.6 117
0.6 0.2 0.4 81
0.6 0.4 0.4 87
0.4 0.4 0.4 86

0.6 0.4 0.4 87
0.6 0.2 0.6 117


0.4 0.4 0.4 86
0.6 0.2 0.6 117
0.6 0.4 0.4 87
0.4 0.4 0.4 86
0.4 0.4 0.6 122
0.6 0.2 0.6 117

0.4 0.4 0.6 122
0.6 0.4 0.4 87


0.6 0.2 0.6 117
0.6 0.4 0.4 87
0.4 0.4 0.6 122
0.6 0.2 0.6 117
0.6 0.4 0.6 123
0.6 0.4 0.4 87

0.6 0.4 0.6 123
0.4 0.4 0.6 122


0.6 0.2 0.4 81
0.8 0.2 0.4 82
0.6 0.4 0.4 87
0.6 0.2 0.4 81
0.6 0.2 0.6 117
0.8 0.2 0.4 82

0.6 0.2 0.6 117
0.6 0.4 0.4 87


0.8 0.2 0.4 82
0.6 0.4 0.4 87
0.6 0.2 0.6 117
0.8 0.2 0.4 82
0.8 0.2 0.6 118
0.6 0.4 0.4 87

0.8 0.2 0.6 118
0.6 0.2 0.6 117


0.6 0.4 0.4 87
0.6 0.2 0.6 117
0.8 0.2 0.6 118
0.6 0.4 0.4 87
0.6 0.4 0.6 123
0.6 0.2 0.6 117

0.6 0.4 0.6 123
0.8 0.2 0.6 118


0.8 0.2 0.4 82
0.6 0.4 0.4 87
0.8 0.2 0.6 118
0.8 0.2 0.4 82
0.8 0.4 0.4 88
0.6 0.4 0.4 87

0.8 0.4 0.4 88
0.8 0.2 0.6 118


0.6 0.4 0.4 87
0.8 0.2 0.6 118
0.8 0.4 0.4 88
0.6 0.4 0.4 87
0.6 0.4 0.6 123
0.8 0.2 0.6 118

0.6 0.4 0.6 123
0.8 0.4 0.4 88


0.8 0.2 0.6 118
0.8 0.4 0.4 88
0.6 0.4 0.6 123
0.8 0.2 0.6 118
0.8 0.4 0.6 124
0.8 0.4 0.4 88

0.8 0.4 0.6 124
0.6 0.4 0.6 123


0.8 0.2 0.4 82
1 0.2 0.4 83
0.8 0.4 0.4 88
0.8 0.2 0.4 82
0.8 0.2 0.6 118
1 0.2 0.4 83

0.8 0.2 0.6 118
0.8 0.4 0.4 88


1 0.2 0.4 83
0.8 0.4 0.4 88
0.8 0.2 0.6 118
1 0.2 0.4 83
1 0.2 0.6 119
0.8 0.4 0.4 88

1 0.2 0.6 119
0.8 0.2 0.6 118


0.8 0.4 0.4 88
0.8 0.2 0.6 118
1 0.2 0.6 119
0.8 0.4 0.4 88
0.8 0.4 0.6 124
0.8 0.2 0.6 118

0.8 0.4 0.6 124
1 0.2 0.6 119


1 0.2 0.4 83
0.8 0.4 0.4 88
1 0.2 0.6 119
1 0.2 0.4 83
1 0.4 0.4 89
0.8 0.4 0.4 88

1 0.4 0.4 89
1 0.2 0.6 119


0.8 0.4 0.4 88
1 0.2 0.6 119
1 0.4 0.4 89
0.8 0.4 0.4 88
0.8 0.4 0.6 124
1 0.2 0.6 119

0.8 0.4 0.6 124
1 0.4 0.4 89


1 0.2 0.6 119
1 0.4 0.4 89
0.8 0.4 0.6 124
1 0.2 0.6 119
1 0.4 0.6 125
1 0.4 0.4 89

1 0.4 0.6 125
0.8 0.4 0.6 124


0 0.4 0.4 84
0.2 0.4 0.4 85
0 0.6 0.4 90
0 0.4 0.4 84
0 0.4 0.6 120
0.2 0.4 0.4 85

0 0.4 0.6 120
0 0.6 0.4 90


0.2 0.4 0.4 85
0 0.6 0.4 90
0 0.4 0.6 120
0.2 0.4 0.4 85
0.2 0.4 0.6 121
0 0.6 0.4 90

0.2 0.4 0.6 121
0 0.4 0.6 120


0 0.6 0.4 90
0 0.4 0.6 120
0.2 0.4 0.6 121
0 0.6 0.4 90
0 0.6 0.6 126
0 0.4 0.6 120

0 0.6 0.6 126
0.2 0.4 0.6 121


0.2 0.4 0.4 85
0 0.6 0.4 90
0.2 0.4 0.6 121
0.2 0.4 0.4 85
0.2 0.6 0.4 91
0 0.6 0.4 90

0.2 0.6 0.4 91
0.2 0.4 0.6 121


0 0.6 0.4 90
0.2 0.4 0.6 121
0.2 0.6 0.4 91
0 0.6 0.4 90
0 0.6 0.6 126
0.2 0.4 0.6 121

0 0.6 0.6 126
0.2 0.6 0.4 91


0.2 0.4 0.6 121
0.2 0.6 0.4 91
0 0.6 0.6 126
0.2 0.4 0.6 121
0.2 0.6 0.6 127
0.2 0.6 0.4 91

0.2 0.6 0.6 127
0 0.6 0.6 126


0.2 0.4 0.4 85
0.4 0.4 0.4 86
0.2 0.6 0.4 91
0.2 0.4 0.4 85
0.2 0.4 0.6 121
0.4 0.4 0.4 86

0.2 0.4 0.6 121
0.2 0.6 0.4 91


0.4 0.4 0.4 86
0.2 0.6 0.4 91
0.2 0.4 0.6 121
0.4 0.4 0.4 86
0.4 0.4 0.6 122
0.2 0.6 0.4 91

0.4 0.4 0.6 122
0.2 0.4 0.6 121


0.2 0.6 0.4 91
0.2 0.4 0.6 121
0.4 0.4 0.6 122
0.2 0.6 0.4 91
0.2 0.6 0.6 127
0.2 0.4 0.6 121

0.2 0.6 0.6 127
0.4 0.4 0.6 122


0.4 0.4 0.4 86
0.2 0.6 0.4 91
0.4 0.4 0.6 122
0.4 0.4 0.4 86
0.4 0.6 0.4 92
0.2 0.6 0.4 91

0.4 0.6 0.4 92
0.4 0.4 0.6 122


0.2 0.6 0.4 91
0.4 0.4 0.6 122
0.4 0.6 0.4 92
0.2 0.6 0.4 91
0.2 0.6 0.6 127
0.4 0.4 0.6 122

0.2 0.6 0.6 127
0.4 0.6 0.4 92


0.4 0.4 0.6 122
0.4 0.6 0.4 92
0.2 0.6 0.6 127
0.4 0.4 0.6 122
0.4 0.6 0.6 128
0.4 0.6 0.4 92

0.4 0.6 0.6 128
0.2 0.6 0.6 127


0.4 0.4 0.4 86
0.6 0.4 0.4 87
0.4 0.6 0.4 92
0.4 0.4 0.4 86
0.4 0.4 0.6 122
0.6 0.4 0.4 87

0.4 0.4 0.6 122
0.4 0.6 0.4 92


0.6 0.4 0.4 87
0.4 0.6 0.4 92
0.4 0.4 0.6 122
0.6 0.4 0.4 87
0.6 0.4 0.6 123
0.4 0.6 0.4 92

0.6 0.4 0.6 123
0.4 0.4 0.6 122


0.4 0.6 0.4 92
0.4 0.4 0.6 122
0.6 0.4 0.6 123
0.4 0.6 0.4 92
0.4 0.6 0.6 128
0.4 0.4 0.6 122

0.4 0.6 0.6 128
0.6 0.4 0.6 123


0.6 0.4 0.4 87
0.4 0.6 0.4 92
0.6 0.4 0.6 123
0.6 0.4 0.4 87
0.6 0.6 0.4 93
0.4 0.6 0.4 92

0.6 0.6 0.4 93
0.6 0.4 0.6 123


0.4 0.6 0.4 92
0.6 0.4 0.6 123
0.6 0.6 0.4 93
0.4 0.6 0.4 92
0.4 0.6 0.6 128
0.6 0.4 0.6 123

0.4 0.6 0.6 128
0.6 0.6 0.4 93


0.6 0.4 0.6 123
0.6 0.6 0.4 93
0.4 0.6 0.6 128
0.6 0.4 0.6 123
0.6 0.6 0.6 129
0.6 0.6 0.4 93

0.6 0.6 0.6 129
0.4 0.6 0.6 128


0.6 0.4 0.4 87
0.8 0.4 0.4 88
0.6 0.6 0.4 93
0.6 0.4 0.4 87
0.6 0.4 0.6 123
0.8 0.4 0.4 88

0.6 0.4 0.6 123
0.6 0.6 0.4 93


0.8 0.4 0.4 88
0.6 0.6 0.4 93
0.6 0.4 0.6 123
0.8 0.4 0.4 88
0.8 0.4 0.6 124
0.6 0.6 0.4 93

0.8 0.4 0.6 124
0.6 0.4 0.6 123


0.6 0.6 0.4 93
0.6 0.4 0.6 123
0.8 0.4 0.6 124
0.6 0.6 0.4 93
0.6 0.6 0.6 129
0.6 0.4 0.6 123

0.6 0.6 0.6 129
0.8 0.4 0.6 124


0.8 0.4 0.4 88
0.6 0.6 0.4 93
0.8 0.4 0.6 124
0.8 0.4 0.4 88
0.8 0.6 0.4 94
0.6 0.6 0.4 93

0.8 0.6 0.4 94
0.8 0.4 0.6 124


0.6 0.6 0.4 93
0.8 0.4 0.6 124
0.8 0.6 0.4 94
0.6 0.6 0.4 93
0.6 0.6 0.6 129
0.8 0.4 0.6 124

0.6 0.6 0.6 129
0.8 0.6 0.4 94


0.8 0.4 0.6 124
0.8 0.6 0.4 94
0.6 0.6 0.6 129
0.8 0.4 0.6 124
0.8 0.6 0.6 130
0.8 0.6 0.4 94

0.8 0.6 0.6 130
0.6 0.6 0.6 129


0.8 0.4 0.4 88
1 0.4 0.4 89
0.8 0.6 0.4 94
0.8 0.4 0.4 88
0.8 0.4 0.6 124
1 0.4 0.4 89

0.8 0.4 0.6 124
0.8 0.6 0.4 94


1 0.4 0.4 89
0.8 0.6 0.4 94
0.8 0.4 0.6 124
1 0.4 0.4 89
1 0.4 0.6 125
0.8 0.6 0.4 94

1 0.4 0.6 125
0.8 0.4 0.6 124


0.8 0.6 0.4 94
0.8 0.4 0.6 124
1 0.4 0.6 125
0.8 0.6 0.4 94
0.8 0.6 0.6 130
0.8 0.4 0.6 124

0.8 0.6 0.6 130
1 0.4 0.6 125


1 0.4 0.4 89
0.8 0.6 0.4 94
1 0.4 0.6 125
1 0.4 0.4 89
1 0.6 0.4 95
0.8 0.6 0.4 94

1 0.6 0.4 95
1 0.4 0.6 125


0.8 0.6 0.4 94
1 0.4 0.6 125
1 0.6 0.4 95
0.8 0.6 0.4 94
0.8 0.6 0.6 130
1 0.4 0.6 125

0.8 0.6 0.6 130
1 0.6 0.4 95


1 0.4 0.6 125
1 0.6 0.4 95
0.8 0.6 0.6 130
1 0.4 0.6 125
1 0.6 0.6 131
1 0.6 0.4 95

1 0.6 0.6 131
0.8 0.6 0.6 130


0 0.6 0.4 90
0.2 0.6 0.4 91
0 0.8 0.4 96
0 0.6 0.4 90
0 0.6 0.6 126
0.2 0.6 0.4 91

0 0.6 0.6 126
0 0.8 0.4 96


0.2 0.6 0.4 91
0 0.8 0.4 96
0 0.6 0.6 126
0.2 0.6 0.4 91
0.2 0.6 0.6 127
0 0.8 0.4 96

0.2 0.6 0.6 127
0 0.6 0.6 126


0 0.8 0.4 96
0 0.6 0.6 126
0.2 0.6 0.6 127
0 0.8 0.4 96
0 0.8 0.6 132
0 0.6 0.6 126

0 0.8 0.6 132
0.2 0.6 0.6 127


0.2 0.6 0.4 91
0 0.8 0.4 96
0.2 0.6 0.6 127
0.2 0.6 0.4 91
0.2 0.8 0.4 97
0 0.8 0.4 96

0.2 0.8 0.4 97
0.2 0.6 0.6 127


0 0.8 0.4 96
0.2 0.6 0.6 127
0.2 0.8 0.4 97
0 0.8 0.4 96
0 0.8 0.6 132
0.2 0.6 0.6 127

0 0.8 0.6 132
0.2 0.8 0.4 97


0.2 0.6 0.6 127
0.2 0.8 0.4 97
0 0.8 0.6 132
0.2 0.6 0.6 127
0.2 0.8 0.6 133
0.2 0.8 0.4 97

0.2 0.8 0.6 133
0 0.8 0.6 132


0.2 0.6 0.4 91
0.4 0.6 0.4 92
0.2 0.8 0.4 97
0.2 0.6 0.4 91
0.2 0.6 0.6 127
0.4 0.6 0.4 92

0.2 0.6 0.6 127
0.2 0.8 0.4 97


0.4 0.6 0.4 92
0.2 0.8 0.4 97
0.2 0.6 0.6 127
0.4 0.6 0.4 92
0.4 0.6 0.6 128
0.2 0.8 0.4 97

0.4 0.6 0.6 128
0.2 0.6 0.6 127


0.2 0.8 0.4 97
0.2 0.6 0.6 127
0.4 0.6 0.6 128
0.2 0.8 0.4 97
0.2 0.8 0.6 133
0.2 0.6 0.6 127

0.2 0.8 0.6 133
0.4 0.6 0.6 128


0.4 0.6 0.4 92
0.2 0.8 0.4 97
0.4 0.6 0.6 128
0.4 0.6 0.4 92
0.4 0.8 0.4 98
0.2 0.8 0.4 97

0.4 0.8 0.4 98
0.4 0.6 0.6 128


0.2 0.8 0.4 97
0.4 0.6 0.6 128
0.4 0.8 0.4 98
0.2 0.8 0.4 97
0.2 0.8 0.6 133
0.4 0.6 0.6 128

0.2 0.8 0.6 133
0.4 0.8 0.4 98


0.4 0.6 0.6 128
0.4 0.8 0.4 98
0.2 0.8 0.6 133
0.4 0.6 0.6 128
0.4 0.8 0.6 134
0.4 0.8 0.4 98

0.4 0.8 0.6 134
0.2 0.8 0.6 133


0.4 0.6 0.4 92
0.6 0.6 0.4 93
0.4 0.8 0.4 98
0.4 0.6 0.4 92
0.4 0.6 0.6 128
0.6 0.6 0.4 93

0.4 0.6 0.6 128
0.4 0.8 0.4 98


0.6 0.6 0.4 93
0.4 0.8 0.4 98
0.4 0.6 0.6 128
0.6 0.6 0.4 93
0.6 0.6 0.6 129
0.4 0.8 0.4 98

0.6 0.6 0.6 129
0.4 0.6 0.6 128


0.4 0.8 0.4 98
0.4 0.6 0.6 128
0.6 0.6 0.6 129
0.4 0.8 0.4 98
0.4 0.8 0.6 134
0.4 0.6 0.6 128

0.4 0.8 0.6 134
0.6 0.6 0.6 129


0.6 0.6 0.4 93
0.4 0.8 0.4 98
0.6 0.6 0.6 129
0.6 0.6 0.4 93
0.6 0.8 0.4 99
0.4 0.8 0.4 98

0.6 0.8 0.4 99
0.6 0.6 0.6 129


0.4 0.8 0.4 98
0.6 0.6 0.6 129
0.6 0.8 0.4 99
0.4 0.8 0.4 98
0.4 0.8 0.6 134
0.6 0.6 0.6 129

0.4 0.8 0.6 134
0.6 0.8 0.4 99


0.6 0.6 0.6 129
0.6 0.8 0.4 99
0.4 0.8 0.6 134
0.6 0.6 0.6 129
0.6 0.8 0.6 135
0.6 0.8 0.4 99

0.6 0.8 0.6 135
0.4 0.8 0.6 134


0.6 0.6 0.4 93
0.8 0.6 0.4 94
0.6 0.8 0.4 99
0.6 0.6 0.4 93
0.6 0.6 0.6 129
0.8 0.6 0.4 94

0.6 0.6 0.6 129
0.6 0.8 0.4 99


0.8 0.6 0.4 94
0.6 0.8 0.4 99
0.6 0.6 0.6 129
0.8 0.6 0.4 94
0.8 0.6 0.6 130
0.6 0.8 0.4 99

0.8 0.6 0.6 130
0.6 0.6 0.6 129


0.6 0.8 0.4 99
0.6 0.6 0.6 129
0.8 0.6 0.6 130
0.6 0.8 0.4 99
0.6 0.8 0.6 135
0.6 0.6 0.6 129

0.6 0.8 0.6 135
0.8 0.6 0.6 130


0.8 0.6 0.4 94
0.6 0.8 0.4 99
0.8 0.6 0.6 130
0.8 0.6 0.4 94
0.8 0.8 0.4 100
0.6 0.8 0.4 99

0.8 0.8 0.4 100
0.8 0.6 0.6 130


0.6 0.8 0.4 99
0.8 0.6 0.6 130
0.8 0.8 0.4 100
0.6 0.8 0.4 99
0.6 0.8 0.6 135
0.8 0.6 0.6 130

0.6 0.8 0.6 135
0.8 0.8 0.4 100


0.8 0.6 0.6 130
0.8 0.8 0.4 100
0.6 0.8 0.6 135
0.8 0.6 0.6 130
0.8 0.8 0.6 136
0.8 0.8 0.4 100

0.8 0.8 0.6 136
0.6 0.8 0.6 135


0.8 0.6 0.4 94
1 0.6 0.4 95
0.8 0.8 0.4 100
0.8 0.6 0.4 94
0.8 0.6 0.6 130
1 0.6 0.4 95

0.8 0.6 0.6 130
0.8 0.8 0.4 100


1 0.6 0.4 95
0.8 0.8 0.4 100
0.8 0.6 0.6 130
1 0.6 0.4 95
1 0.6 0.6 131
0.8 0.8 0.4 100

1 0.6 0.6 131
0.8 0.6 0.6 130


0.8 0.8 0.4 100
0.8 0.6 0.6 130
1 0.6 0.6 131
0.8 0.8 0.4 100
0.8 0.8 0.6 136
0.8 0.6 0.6 130

0.8 0.8 0.6 136
1 0.6 0.6 131


1 0.6 0.4 95
0.8 0.8 0.4 100
1 0.6 0.6 131
1 0.6 0.4 95
1 0.8 0.4 101
0.8 0.8 0.4 100

1 0.8 0.4 101
1 0.6 0.6 131


0.8 0.8 0.4 100
1 0.6 0.6 131
1 0.8 0.4 101
0.8 0.8 0.4 100
0.8 0.8 0.6 136
1 0.6 0.6 131

0.8 0.8 0.6 136
1 0.8 0.4 101


1 0.6 0.6 131
1 0.8 0.4 101
0.8 0.8 0.6 136
1 0.6 0.6 131
1 0.8 0.6 137
1 0.8 0.4 101

1 0.8 0.6 137
0.8 0.8 0.6 136


0 0.8 0.4 96
0.2 0.8 0.4 97
0 1 0.4 102
0 0.8 0.4 96
0 0.8 0.6 132
0.2 0.8 0.4 97

0 0.8 0.6 132
0 1 0.4 102


0.2 0.8 0.4 97
0 1 0.4 102
0 0.8 0.6 132
0.2 0.8 0.4 97
0.2 0.8 0.6 133
0 1 0.4 102

0.2 0.8 0.6 133
0 0.8 0.6 132


0 1 0.4 102
0 0.8 0.6 132
0.2 0.8 0.6 133
0 1 0.4 102
0 1 0.6 138
0 0.8 0.6 132

0 1 0.6 138
0.2 0.8 0.6 133


0.2 0.8 0.4 97
0 1 0.4 102
0.2 0.8 0.6 133
0.2 0.8 0.4 97
0.2 1 0.4 103
0 1 0.4 102

0.2 1 0.4 103
0.2 0.8 0.6 133


0 1 0.4 102
0.2 0.8 0.6 133
0.2 1 0.4 103
0 1 0.4 102
0 1 0.6 138
0.2 0.8 0.6 133

0 1 0.6 138
0.2 1 0.4 103


0.2 0.8 0.6 133
0.2 1 0.4 103
0 1 0.6 138
0.2 0.8 0.6 133
0.2 1 0.6 139
0.2 1 0.4 103

0.2 1 0.6 139
0 1 0.6 138


0.2 0.8 0.4 97
0.4 0.8 0.4 98
0.2 1 0.4 103
0.2 0.8 0.4 97
0.2 0.8 0.6 133
0.4 0.8 0.4 98

0.2 0.8 0.6 133
0.2 1 0.4 103


0.4 0.8 0.4 98
0.2 1 0.4 103
0.2 0.8 0.6 133
0.4 0.8 0.4 98
0.4 0.8 0.6 134
0.2 1 0.4 103

0.4 0.8 0.6 134
0.2 0.8 0.6 133


0.2 1 0.4 103
0.2 0.8 0.6 133
0.4 0.8 0.6 134
0.2 1 0.4 103
0.2 1 0.6 139
0.2 0.8 0.6 133

0.2 1 0.6 139
0.4 0.8 0.6 134


0.4 0.8 0.4 98
0.2 1 0.4 103
0.4 0.8 0.6 134
0.4 0.8 0.4 98
0.4 1 0.4 104
0.2 1 0.4 103

0.4 1 0.4 104
0.4 0.8 0.6 134


0.2 1 0.4 103
0.4 0.8 0.6 134
0.4 1 0.4 104
0.2 1 0.4 103
0.2 1 0.6 139
0.4 0.8 0.6 134

0.2 1 0.6 139
0.4 1 0.4 104


0.4 0.8 0.6 134
0.4 1 0.4 104
0.2 1 0.6 139
0.4 0.8 0.6 134
0.4 1 0.6 140
0.4 1 0.4 104

0.4 1 0.6 140
0.2 1 0.6 139


0.4 0.8 0.4 98
0.6 0.8 0.4 99
0.4 1 0.4 104
0.4 0.8 0.4 98
0.4 0.8 0.6 134
0.6 0.8 0.4 99

0.4 0.8 0.6 134
0.4 1 0.4 104


0.6 0.8 0.4 99
0.4 1 0.4 104
0.4 0.8 0.6 134
0.6 0.8 0.4 99
0.6 0.8 0.6 135
0.4 1 0.4 104

0.6 0.8 0.6 135
0.4 0.8 0.6 134


0.4 1 0.4 104
0.4 0.8 0.6 134
0.6 0.8 0.6 135
0.4 1 0.4 104
0.4 1 0.6 140
0.4 0.8 0.6 134

0.4 1 0.6 140
0.6 0.8 0.6 135


0.6 0.8 0.4 99
0.4 1 0.4 104
0.6 0.8 0.6 135
0.6 0.8 0.4 99
0.6 1 0.4 105
0.4 1 0.4 104

0.6 1 0.4 105
0.6 0.8 0.6 135


0.4 1 0.4 104
0.6 0.8 0.6 135
0.6 1 0.4 105
0.4 1 0.4 104
0.4 1 0.6 140
0.6 0.8 0.6 135

0.4 1 0.6 140
0.6 1 0.4 105


0.6 0.8 0.6 135
0.6 1 0.4 105
0.4 1 0.6 140
0.6 0.8 0.6 135
0.6 1 0.6 141
0.6 1 0.4 105

0.6 1 0.6 141
0.4 1 0.6 140


0.6 0.8 0.4 99
0.8 0.8 0.4 100
0.6 1 0.4 105
0.6 0.8 0.4 99
0.6 0.8 0.6 135
0.8 0.8 0.4 100

0.6 0.8 0.6 135
0.6 1 0.4 105


0.8 0.8 0.4 100
0.6 1 0.4 105
0.6 0.8 0.6 135
0.8 0.8 0.4 100
0.8 0.8 0.6 136
0.6 1 0.4 105

0.8 0.8 0.6 136
0.6 0.8 0.6 135


0.6 1 0.4 105
0.6 0.8 0.6 135
0.8 0.8 0.6 136
0.6 1 0.4 105
0.6 1 0.6 141
0.6 0.8 0.6 135

0.6 1 0.6 141
0.8 0.8 0.6 136


0.8 0.8 0.4 100
0.6 1 0.4 105
0.8 0.8 0.6 136
0.8 0.8 0.4 100
0.8 1 0.4 106
0.6 1 0.4 105

0.8 1 0.4 106
0.8 0.8 0.6 136


0.6 1 0.4 105
0.8 0.8 0.6 136
0.8 1 0.4 106
0.6 1 0.4 105
0.6 1 0.6 141
0.8 0.8 0.6 136

0.6 1 0.6 141
0.8 1 0.4 106


0.8 0.8 0.6 136
0.8 1 0.4 106
0.6 1 0.6 141
0.8 0.8 0.6 136
0.8 1 0.6 142
0.8 1 0.4 106

0.8 1 0.6 142
0.6 1 0.6 141


0.8 0.8 0.4 100
1 0.8 0.4 101
0.8 1 0.4 106
0.8 0.8 0.4 100
0.8 0.8 0.6 136
1 0.8 0.4 101

0.8 0.8 0.6 136
0.8 1 0.4 106


1 0.8 0.4 101
0.8 1 0.4 106
0.8 0.8 0.6 136
1 0.8 0.4 101
1 0.8 0.6 137
0.8 1 0.4 106

1 0.8 0.6 137
0.8 0.8 0.6 136


0.8 1 0.4 106
0.8 0.8 0.6 136
1 0.8 0.6 137
0.8 1 0.4 106
0.8 1 0.6 142
0.8 0.8 0.6 136

0.8 1 0.6 142
1 0.8 0.6 137


1 0.8 0.4 101
0.8 1 0.4 106
1 0.8 0.6 137
1 0.8 0.4 101
1 1 0.4 107
0.8 1 0.4 106

1 1 0.4 107
1 0.8 0.6 137


0.8 1 0.4 106
1 0.8 0.6 137
1 1 0.4 107
0.8 1 0.4 106
0.8 1 0.6 142
1 0.8 0.6 137

0.8 1 0.6 142
1 1 0.4 107


1 0.8 0.6 137
1 1 0.4 107
0.8 1 0.6 142
1 0.8 0.6 137
1 1 0.6 143
1 1 0.4 107

1 1 0.6 143
0.8 1 0.6 142


0 0 0.6 108
0.2 0 0.6 109
0 0.2 0.6 114
0 0 0.6 108
0 0 0.8 144
0.2 0 0.6 109

0 0 0.8 144
0 0.2 0.6 114


0.2 0 0.6 109
0 0.2 0.6 114
0 0 0.8 144
0.2 0 0.6 109
0.2 0 0.8 145
0 0.2 0.6 114

0.2 0 0.8 145
0 0 0.8 144


0 0.2 0.6 114
0 0 0.8 144
0.2 0 0.8 145
0 0.2 0.6 114
0 0.2 0.8 150
0 0 0.8 144

0 0.2 0.8 150
0.2 0 0.8 145


0.2 0 0.6 109
0 0.2 0.6 114
0.2 0 0.8 145
0.2 0 0.6 109
0.2 0.2 0.6 115
0 0.2 0.6 114

0.2 0.2 0.6 115
0.2 0 0.8 145


0 0.2 0.6 114
0.2 0 0.8 145
0.2 0.2 0.6 115
0 0.2 0.6 114
0 0.2 0.8 150
0.2 0 0.8 145

0 0.2 0.8 150
0.2 0.2 0.6 115


0.2 0 0.8 145
0.2 0.2 0.6 115
0 0.2 0.8 150
0.2 0 0.8 145
0.2 0.2 0.8 151
0.2 0.2 0.6 115

0.2 0.2 0.8 151
0 0.2 0.8 150


0.2 0 0.6 109
0.4 0 0.6 110
0.2 0.2 0.6 115
0.2 0 0.6 109
0.2 0 0.8 145
0.4 0 0.6 110

0.2 0 0.8 145
0.2 0.2 0.6 115


0.4 0 0.6 110
0.2 0.2 0.6 115
0.2 0 0.8 145
0.4 0 0.6 110
0.4 0 0.8 146
0.2 0.2 0.6 115

0.4 0 0.8 146
0.2 0 0.8 145


0.2 0.2 0.6 115
0.2 0 0.8 145
0.4 0 0.8 146
0.2 0.2 0.6 115
0.2 0.2 0.8 151
0.2 0 0.8 145

0.2 0.2 0.8 151
0.4 0 0.8 146


0.4 0 0.6 110
0.2 0.2 0.6 115
0.4 0 0.8 146
0.4 0 0.6 110
0.4 0.2 0.6 116
0.2 0.2 0.6 115

0.4 0.2 0.6 116
0.4 0 0.8 146


0.2 0.2 0.6 115
0.4 0 0.8 146
0.4 0.2 0.6 116
0.2 0.2 0.6 115
0.2 0.2 0.8 151
0.4 0 0.8 146

0.2 0.2 0.8 151
0.4 0.2 0.6 116


0.4 0 0.8 146
0.4 0.2 0.6 116
0.2 0.2 0.8 151
0.4 0 0.8 146
0.4 0.2 0.8 152
0.4 0.2 0.6 116

0.4 0.2 0.8 152
0.2 0.2 0.8 151


0.4 0 0.6 110
0.6 0 0.6 111
0.4 0.2 0.6 116
0.4 0 0.6 110
0.4 0 0.8 146
0.6 0 0.6 111

0.4 0 0.8 146
0.4 0.2 0.6 116


0.6 0 0.6 111
0.4 0.2 0.6 116
0.4 0 0.8 146
0.6 0 0.6 111
0.6 0 0.8 147
0.4 0.2 0.6 116

0.6 0 0.8 147
0.4 0 0.8 146


0.4 0.2 0.6 116
0.4 0 0.8 146
0.6 0 0.8 147
0.4 0.2 0.6 116
0.4 0.2 0.8 152
0.4 0 0.8 146

0.4 0.2 0.8 152
0.6 0 0.8 147


0.6 0 0.6 111
0.4 0.2 0.6 116
0.6 0 0.8 147
0.6 0 0.6 111
0.6 0.2 0.6 117
0.4 0.2 0.6 116

0.6 0.2 0.6 117
0.6 0 0.8 147


0.4 0.2 0.6 116
0.6 0 0.8 147
0.6 0.2 0.6 117
0.4 0.2 0.6 116
0.4 0.2 0.8 152
0.6 0 0.8 147

0.4 0.2 0.8 152
0.6 0.2 0.6 117


0.6 0 0.8 147
0.6 0.2 0.6 117
0.4 0.2 0.8 152
0.6 0 0.8 147
0.6 0.2 0.8 153
0.6 0.2 0.6 117

0.6 0.2 0.8 153
0.4 0.2 0.8 152


0.6 0 0.6 111
0.8 0 0.6 112
0.6 0.2 0.6 117
0.6 0 0.6 111
0.6 0 0.8 147
0.8 0 0.6 112

0.6 0 0.8 147
0.6 0.2 0.6 117


0.8 0 0.6 112
0.6 0.2 0.6 117
0.6 0 0.8 147
0.8 0 0.6 112
0.8 0 0.8 148
0.6 0.2 0.6 117

0.8 0 0.8 148
0.6 0 0.8 147


0.6 0.2 0.6 117
0.6 0 0.8 147
0.8 0 0.8 148
0.6 0.2 0.6 117
0.6 0.2 0.8 153
0.6 0 0.8 147

0.6 0.2 0.8 153
0.8 0 0.8 148


0.8 0 0.6 112
0.6 0.2 0.6 117
0.8 0 0.8 148
0.8 0 0.6 112
0.8 0.2 0.6 118
0.6 0.2 0.6 117

0.8 0.2 0.6 118
0.8 0 0.8 148


0.6 0.2 0.6 117
0.8 0 0.8 148
0.8 0.2 0.6 118
0.6 0.2 0.6 117
0.6 0.2 0.8 153
0.8 0 0.8 148

0.6 0.2 0.8 153
0.8 0.2 0.6 118


0.8 0 0.8 148
0.8 0.2 0.6 118
0.6 0.2 0.8 153
0.8 0 0.8 148
0.8 0.2 0.8 154
0.8 0.2 0.6 118

0.8 0.2 0.8 154
0.6 0.2 0.8 153


0.8 0 0.6 112
1 0 0.6 113
0.8 0.2 0.6 118
0.8 0 0.6 112
0.8 0 0.8 148
1 0 0.6 113

0.8 0 0.8 148
0.8 0.2 0.6 118


1 0 0.6 113
0.8 0.2 0.6 118
0.8 0 0.8 148
1 0 0.6 113
1 0 0.8 149
0.8 0.2 0.6 118

1 0 0.8 149
0.8 0 0.8 148


0.8 0.2 0.6 118
0.8 0 0.8 148
1 0 0.8 149
0.8 0.2 0.6 118
0.8 0.2 0.8 154
0.8 0 0.8 148

0.8 0.2 0.8 154
1 0 0.8 149


1 0 0.6 113
0.8 0.2 0.6 118
1 0 0.8 149
1 0 0.6 113
1 0.2 0.6 119
0.8 0.2 0.6 118

1 0.2 0.6 119
1 0 0.8 149


0.8 0.2 0.6 118
1 0 0.8 149
1 0.2 0.6 119
0.8 0.2 0.6 118
0.8 0.2 0.8 154
1 0 0.8 149

0.8 0.2 0.8 154
1 0.2 0.6 119


1 0 0.8 149
1 0.2 0.6 119
0.8 0.2 0.8 154
1 0 0.8 149
1 0.2 0.8 155
1 0.2 0.6 119

1 0.2 0.8 155
0.8 0.2 0.8 154


0 0.2 0.6 114
0.2 0.2 0.6 115
0 0.4 0.6 120
0 0.2 0.6 114
0 0.2 0.8 150
0.2 0.2 0.6 115

0 0.2 0.8 150
0 0.4 0.6 120


0.2 0.2 0.6 115
0 0.4 0.6 120
0 0.2 0.8 150
0.2 0.2 0.6 115
0.2 0.2 0.8 151
0 0.4 0.6 120

0.2 0.2 0.8 151
0 0.2 0.8 150


0 0.4 0.6 120
0 0.2 0.8 150
0.2 0.2 0.8 151
0 0.4 0.6 120
0 0.4 0.8 156
0 0.2 0.8 150

0 0.4 0.8 156
0.2 0.2 0.8 151


0.2 0.2 0.6 115
0 0.4 0.6 120
0.2 0.2 0.8 151
0.2 0.2 0.6 115
0.2 0.4 0.6 121
0 0.4 0.6 120

0.2 0.4 0.6 121
0.2 0.2 0.8 151


0 0.4 0.6 120
0.2 0.2 0.8 151
0.2 0.4 0.6 121
0 0.4 0.6 120
0 0.4 0.8 156
0.2 0.2 0.8 151

0 0.4 0.8 156
0.2 0.4 0.6 121


0.2 0.2 0.8 151
0.2 0.4 0.6 121
0 0.4 0.8 156
0.2 0.2 0.8 151
0.2 0.4 0.8 157
0.2 0.4 0.6 121

0.2 0.4 0.8 157
0 0.4 0.8 156


0.2 0.2 0.6 115
0.4 0.2 0.6 116
0.2 0.4 0.6 121
0.2 0.2 0.6 115
0.2 0.2 0.8 151
0.4 0.2 0.6 116

0.2 0.2 0.8 151
0.2 0.4 0.6 121


0.4 0.2 0.6 116
0.2 0.4 0.6 121
0.2 0.2 0.8 151
0.4 0.2 0.6 116
0.4 0.2 0.8 152
0.2 0.4 0.6 121

0.4 0.2 0.8 152
0.2 0.2 0.8 151


0.2 0.4 0.6 121
0.2 0.2 0.8 151
0.4 0.2 0.8 152
0.2 0.4 0.6 121
0.2 0.4 0.8 157
0.2 0.2 0.8 151

0.2 0.4 0.8 157
0.4 0.2 0.8 152


0.4 0.2 0.6 116
0.2 0.4 0.6 121
0.4 0.2 0.8 152
0.4 0.2 0.6 116
0.4 0.4 0.6 122
0.2 0.4 0.6 121

0.4 0.4 0.6 122
0.4 0.2 0.8 152


0.2 0.4 0.6 121
0.4 0.2 0.8 152
0.4 0.4 0.6 122
0.2 0.4 0.6 121
0.2 0.4 0.8 157
0.4 0.2 0.8 152

0.2 0.4 0.8 157
0.4 0.4 0.6 122


0.4 0.2 0.8 152
0.4 0.4 0.6 122
0.2 0.4 0.8 157
0.4 0.2 0.8 152
0.4 0.4 0.8 158
0.4 0.4 0.6 122

0.4 0.4 0.8 158
0.2 0.4 0.8 157


0.4 0.2 0.6 116
0.6 0.2 0.6 117
0.4 0.4 0.6 122
0.4 0.2 0.6 116
0.4 0.2 0.8 152
0.6 0.2 0.6 117

0.4 0.2 0.8 152
0.4 0.4 0.6 122


0.6 0.2 0.6 117
0.4 0.4 0.6 122
0.4 0.2 0.8 152
0.6 0.2 0.6 117
0.6 0.2 0.8 153
0.4 0.4 0.6 122

0.6 0.2 0.8 153
0.4 0.2 0.8 152


0.4 0.4 0.6 122
0.4 0.2 0.8 152
0.6 0.2 0.8 153
0.4 0.4 0.6 122
0.4 0.4 0.8 158
0.4 0.2 0.8 152

0.4 0.4 0.8 158
0.6 0.2 0.8 153


0.6 0.2 0.6 117
0.4 0.4 0.6 122
0.6 0.2 0.8 153
0.6 0.2 0.6 117
0.6 0.4 0.6 123
0.4 0.4 0.6 122

0.6 0.4 0.6 123
0.6 0.2 0.8 153


0.4 0.4 0.6 122
0.6 0.2 0.8 153
0.6 0.4 0.6 123
0.4 0.4 0.6 122
0.4 0.4 0.8 158
0.6 0.2 0.8 153

0.4 0.4 0.8 158
0.6 0.4 0.6 123


0.6 0.2 0.8 153
0.6 0.4 0.6 123
0.4 0.4 0.8 158
0.6 0.2 0.8 153
0.6 0.4 0.8 159
0.6 0.4 0.6 123

0.6 0.4 0.8 159
0.4 0.4 0.8 158


0.6 0.2 0.6 117
0.8 0.2 0.6 118
0.6 0.4 0.6 123
0.6 0.2 0.6 117
0.6 0.2 0.8 153
0.8 0.2 0.6 118

0.6 0.2 0.8 153
0.6 0.4 0.6 123


0.8 0.2 0.6 118
0.6 0.4 0.6 123
0.6 0.2 0.8 153
0.8 0.2 0.6 118
0.8 0.2 0.8 154
0.6 0.4 0.6 123

0.8 0.2 0.8 154
0.6 0.2 0.8 153


0.6 0.4 0.6 123
0.6 0.2 0.8 153
0.8 0.2 0.8 154
0.6 0.4 0.6 123
0.6 0.4 0.8 159
0.6 0.2 0.8 153

0.6 0.4 0.8 159
0.8 0.2 0.8 154


0.8 0.2 0.6 118
0.6 0.4 0.6 123
0.8 0.2 0.8 154
0.8 0.2 0.6 118
0.8 0.4 0.6 124
0.6 0.4 0.6 123

0.8 0.4 0.6 124
0.8 0.2 0.8 154


0.6 0.4 0.6 123
0.8 0.2 0.8 154
0.8 0.4 0.6 124
0.6 0.4 0.6 123
0.6 0.4 0.8 159
0.8 0.2 0.8 154

0.6 0.4 0.8 159
0.8 0.4 0.6 124


0.8 0.2 0.8 154
0.8 0.4 0.6 124
0.6 0.4 0.8 159
0.8 0.2 0.8 154
0.8 0.4 0.8 160
0.8 0.4 0.6 124

0.8 0.4 0.8 160
0.6 0.4 0.8 159


0.8 0.2 0.6 118
1 0.2 0.6 119
0.8 0.4 0.6 124
0.8 0.2 0.6 118
0.8 0.2 0.8 154
1 0.2 0.6 119

0.8 0.2 0.8 154
0.8 0.4 0.6 124


1 0.2 0.6 119
0.8 0.4 0.6 124
0.8 0.2 0.8 154
1 0.2 0.6 119
1 0.2 0.8 155
0.8 0.4 0.6 124

1 0.2 0.8 155
0.8 0.2 0.8 154


0.8 0.4 0.6 124
0.8 0.2 0.8 154
1 0.2 0.8 155
0.8 0.4 0.6 124
0.8 0.4 0.8 160
0.8 0.2 0.8 154

0.8 0.4 0.8 160
1 0.2 0.8 155


1 0.2 0.6 119
0.8 0.4 0.6 124
1 0.2 0.8 155
1 0.2 0.6 119
1 0.4 0.6 125
0.8 0.4 0.6 124

1 0.4 0.6 125
1 0.2 0.8 155


0.8 0.4 0.6 124
1 0.2 0.8 155
1 0.4 0.6 125
0.8 0.4 0.6 124
0.8 0.4 0.8 160
1 0.2 0.8 155

0.8 0.4 0.8 160
1 0.4 0.6 125


1 0.2 0.8 155
1 0.4 0.6 125
0.8 0.4 0.8 160
1 0.2 0.8 155
1 0.4 0.8 161
1 0.4 0.6 125

1 0.4 0.8 161
0.8 0.4 0.8 160


0 0.4 0.6 120
0.2 0.4 0.6 121
0 0.6 0.6 126
0 0.4 0.6 120
0 0.4 0.8 156
0.2 0.4 0.6 121

0 0.4 0.8 156
0 0.6 0.6 126


0.2 0.4 0.6 121
0 0.6 0.6 126
0 0.4 0.8 156
0.2 0.4 0.6 121
0.2 0.4 0.8 157
0 0.6 0.6 126

0.2 0.4 0.8 157
0 0.4 0.8 156


0 0.6 0.6 126
0 0.4 0.8 156
0.2 0.4 0.8 157
0 0.6 0.6 126
0 0.6 0.8 162
0 0.4 0.8 156

0 0.6 0.8 162
0.2 0.4 0.8 157


0.2 0.4 0.6 121
0 0.6 0.6 126
0.2 0.4 0.8 157
0.2 0.4 0.6 121
0.2 0.6 0.6 127
0 0.6 0.6 126

0.2 0.6 0.6 127
0.2 0.4 0.8 157


0 0.6 0.6 126
0.2 0.4 0.8 157
0.2 0.6 0.6 127
0 0.6 0.6 126
0 0.6 0.8 162
0.2 0.4 0.8 157

0 0.6 0.8 162
0.2 0.6 0.6 127


0.2 0.4 0.8 157
0.2 0.6 0.6 127
0 0.6 0.8 162
0.2 0.4 0.8 157
0.2 0.6 0.8 163
0.2 0.6 0.6 127

0.2 0.6 0.8 163
0 0.6 0.8 162


0.2 0.4 0.6 121
0.4 0.4 0.6 122
0.2 0.6 0.6 127
0.2 0.4 0.6 121
0.2 0.4 0.8 157
0.4 0.4 0.6 122

0.2 0.4 0.8 157
0.2 0.6 0.6 127


0.4 0.4 0.6 122
0.2 0.6 0.6 127
0.2 0.4 0.8 157
0.4 0.4 0.6 122
0.4 0.4 0.8 158
0.2 0.6 0.6 127

0.4 0.4 0.8 158
0.2 0.4 0.8 157


0.2 0.6 0.6 127
0.2 0.4 0.8 157
0.4 0.4 0.8 158
0.2 0.6 0.6 127
0.2 0.6 0.8 163
0.2 0.4 0.8 157

0.2 0.6 0.8 163
0.4 0.4 0.8 158


0.4 0.4 0.6 122
0.2 0.6 0.6 127
0.4 0.4 0.8 158
0.4 0.4 0.6 122
0.4 0.6 0.6 128
0.2 0.6 0.6 127

0.4 0.6 0.6 128
0.4 0.4 0.8 158


0.2 0.6 0.6 127
0.4 0.4 0.8 158
0.4 0.6 0.6 128
0.2 0.6 0.6 127
0.2 0.6 0.8 163
0.4 0.4 0.8 158

0.2 0.6 0.8 163
0.4 0.6 0.6 128


0.4 0.4 0.8 158
0.4 0.6 0.6 128
0.2 0.6 0.8 163
0.4 0.4 0.8 158
0.4 0.6 0.8 164
0.4 0.6 0.6 128

0.4 0.6 0.8 164
0.2 0.6 0.8 163


0.4 0.4 0.6 122
0.6 0.4 0.6 123
0.4 0.6 0.6 128
0.4 0.4 0.6 122
0.4 0.4 0.8 158
0.6 0.4 0.6 123

0.4 0.4 0.8 158
0.4 0.6 0.6 128


0.6 0.4 0.6 123
0.4 0.6 0.6 128
0.4 0.4 0.8 158
0.6 0.4 0.6 123
0.6 0.4 0.8 159
0.4 0.6 0.6 128

0.6 0.4 0.8 159
0.4 0.4 0.8 158


0.4 0.6 0.6 128
0.4 0.4 0.8 158
0.6 0.4 0.8 159
0.4 0.6 0.6 128
0.4 0.6 0.8 164
0.4 0.4 0.8 158

0.4 0.6 0.8 164
0.6 0.4 0.8 159


0.6 0.4 0.6 123
0.4 0.6 0.6 128
0.6 0.4 0.8 159
0.6 0.4 0.6 123
0.6 0.6 0.6 129
0.4 0.6 0.6 128

0.6 0.6 0.6 129
0.6 0.4 0.8 159


0.4 0.6 0.6 128
0.6 0.4 0.8 159
0.6 0.6 0.6 129
0.4 0.6 0.6 128
0.4 0.6 0.8 164
0.6 0.4 0.8 159

0.4 0.6 0.8 164
0.6 0.6 0.6 129


0.6 0.4 0.8 159
0.6 0.6 0.6 129
0.4 0.6 0.8 164
0.6 0.4 0.8 159
0.6 0.6 0.8 165
0.6 0.6 0.6 129

0.6 0.6 0.8 165
0.4 0.6 0.8 164


0.6 0.4 0.6 123
0.8 0.4 0.6 124
0.6 0.6 0.6 129
0.6 0.4 0.6 123
0.6 0.4 0.8 159
0.8 0.4 0.6 124

0.6 0.4 0.8 159
0.6 0.6 0.6 129


0.8 0.4 0.6 124
0.6 0.6 0.6 129
0.6 0.4 0.8 159
0.8 0.4 0.6 124
0.8 0.4 0.8 160
0.6 0.6 0.6 129

0.8 0.4 0.8 160
0.6 0.4 0.8 159


0.6 0.6 0.6 129
0.6 0.4 0.8 159
0.8 0.4 0.8 160
0.6 0.6 0.6 129
0.6 0.6 0.8 165
0.6 0.4 0.8 159

0.6 0.6 0.8 165
0.8 0.4 0.8 160


0.8 0.4 0.6 124
0.6 0.6 0.6 129
0.8 0.4 0.8 160
0.8 0.4 0.6 124
0.8 0.6 0.6 130
0.6 0.6 0.6 129

0.8 0.6 0.6 130
0.8 0.4 0.8 160


0.6 0.6 0.6 129
0.8 0.4 0.8 160
0.8 0.6 0.6 130
0.6 0.6 0.6 129
0.6 0.6 0.8 165
0.8 0.4 0.8 160

0.6 0.6 0.8 165
0.8 0.6 0.6 130


0.8 0.4 0.8 160
0.8 0.6 0.6 130
0.6 0.6 0.8 165
0.8 0.4 0.8 160
0.8 0.6 0.8 166
0.8 0.6 0.6 130

0.8 0.6 0.8 166
0.6 0.6 0.8 165


0.8 0.4 0.6 124
1 0.4 0.6 125
0.8 0.6 0.6 130
0.8 0.4 0.6 124
0.8 0.4 0.8 160
1 0.4 0.6 125

0.8 0.4 0.8 160
0.8 0.6 0.6 130


1 0.4 0.6 125
0.8 0.6 0.6 130
0.8 0.4 0.8 160
1 0.4 0.6 125
1 0.4 0.8 161
0.8 0.6 0.6 130

1 0.4 0.8 161
0.8 0.4 0.8 160


0.8 0.6 0.6 130
0.8 0.4 0.8 160
1 0.4 0.8 161
0.8 0.6 0.6 130
0.8 0.6 0.8 166
0.8 0.4 0.8 160

0.8 0.6 0.8 166
1 0.4 0.8 161


1 0.4 0.6 125
0.8 0.6 0.6 130
1 0.4 0.8 161
1 0.4 0.6 125
1 0.6 0.6 131
0.8 0.6 0.6 130

1 0.6 0.6 131
1 0.4 0.8 161


0.8 0.6 0.6 130
1 0.4 0.8 161
1 0.6 0.6 131
0.8 0.6 0.6 130
0.8 0.6 0.8 166
1 0.4 0.8 161

0.8 0.6 0.8 166
1 0.6 0.6 131


1 0.4 0.8 161
1 0.6 0.6 131
0.8 0.6 0.8 166
1 0.4 0.8 161
1 0.6 0.8 167
1 0.6 0.6 131

1 0.6 0.8 167
0.8 0.6 0.8 166


0 0.6 0.6 126
0.2 0.6 0.6 127
0 0.8 0.6 132
0 0.6 0.6 126
0 0.6 0.8 162
0.2 0.6 0.6 127

0 0.6 0.8 162
0 0.8 0.6 132


0.2 0.6 0.6 127
0 0.8 0.6 132
0 0.6 0.8 162
0.2 0.6 0.6 127
0.2 0.6 0.8 163
0 0.8 0.6 132

0.2 0.6 0.8 163
0 0.6 0.8 162


0 0.8 0.6 132
0 0.6 0.8 162
0.2 0.6 0.8 163
0 0.8 0.6 132
0 0.8 0.8 168
0 0.6 0.8 162

0 0.8 0.8 168
0.2 0.6 0.8 163


0.2 0.6 0.6 127
0 0.8 0.6 132
0.2 0.6 0.8 163
0.2 0.6 0.6 127
0.2 0.8 0.6 133
0 0.8 0.6 132

0.2 0.8 0.6 133
0.2 0.6 0.8 163


0 0.8 0.6 132
0.2 0.6 0.8 163
0.2 0.8 0.6 133
0 0.8 0.6 132
0 0.8 0.8 168
0.2 0.6 0.8 163

0 0.8 0.8 168
0.2 0.8 0.6 133


0.2 0.6 0.8 163
0.2 0.8 0.6 133
0 0.8 0.8 168
0.2 0.6 0.8 163
0.2 0.8 0.8 169
0.2 0.8 0.6 133

0.2 0.8 0.8 169
0 0.8 0.8 168


0.2 0.6 0.6 127
0.4 0.6 0.6 128
0.2 0.8 0.6 133
0.2 0.6 0.6 127
0.2 0.6 0.8 163
0.4 0.6 0.6 128

0.2 0.6 0.8 163
0.2 0.8 0.6 133


0.4 0.6 0.6 128
0.2 0.8 0.6 133
0.2 0.6 0.8 163
0.4 0.6 0.6 128
0.4 0.6 0.8 164
0.2 0.8 0.6 133

0.4 0.6 0.8 164
0.2 0.6 0.8 163


0.2 0.8 0.6 133
0.2 0.6 0.8 163
0.4 0.6 0.8 164
0.2 0.8 0.6 133
0.2 0.8 0.8 169
0.2 0.6 0.8 163

0.2 0.8 0.8 169
0.4 0.6 0.8 164


0.4 0.6 0.6 128
0.2 0.8 0.6 133
0.4 0.6 0.8 164
0.4 0.6 0.6 128
0.4 0.8 0.6 134
0.2 0.8 0.6 133

0.4 0.8 0.6 134
0.4 0.6 0.8 164


0.2 0.8 0.6 133
0.4 0.6 0.8 164
0.4 0.8 0.6 134
0.2 0.8 0.6 133
0.2 0.8 0.8 169
0.4 0.6 0.8 164

0.2 0.8 0.8 169
0.4 0.8 0.6 134


0.4 0.6 0.8 164
0.4 0.8 0.6 134
0.2 0.8 0.8 169
0.4 0.6 0.8 164
0.4 0.8 0.8 170
0.4 0.8 0.6 134

0.4 0.8 0.8 170
0.2 0.8 0.8 169


0.4 0.6 0.6 128
0.6 0.6 0.6 129
0.4 0.8 0.6 134
0.4 0.6 0.6 128
0.4 0.6 0.8 164
0.6 0.6 0.6 129

0.4 0.6 0.8 164
0.4 0.8 0.6 134


0.6 0.6 0.6 129
0.4 0.8 0.6 134
0.4 0.6 0.8 164
0.6 0.6 0.6 129
0.6 0.6 0.8 165
0.4 0.8 0.6 134

0.6 0.6 0.8 165
0.4 0.6 0.8 164


0.4 0.8 0.6 134
0.4 0.6 0.8 164
0.6 0.6 0.8 165
0.4 0.8 0.6 134
0.4 0.8 0.8 170
0.4 0.6 0.8 164

0.4 0.8 0.8 170
0.6 0.6 0.8 165


0.6 0.6 0.6 129
0.4 0.8 0.6 134
0.6 0.6 0.8 165
0.6 0.6 0.6 129
0.6 0.8 0.6 135
0.4 0.8 0.6 134

0.6 0.8 0.6 135
0.6 0.6 0.8 165


0.4 0.8 0.6 134
0.6 0.6 0.8 165
0.6 0.8 0.6 135
0.4 0.8 0.6 134
0.4 0.8 0.8 170
0.6 0.6 0.8 165

0.4 0.8 0.8 170
0.6 0.8 0.6 135


0.6 0.6 0.8 165
0.6 0.8 0.6 135
0.4 0.8 0.8 170
0.6 0.6 0.8 165
0.6 0.8 0.8 171
0.6 0.8 0.6 135

0.6 0.8 0.8 171
0.4 0.8 0.8 170


0.6 0.6 0.6 129
0.8 0.6 0.6 130
0.6 0.8 0.6 135
0.6 0.6 0.6 129
0.6 0.6 0.8 165
0.8 0.6 0.6 130

0.6 0.6 0.8 165
0.6 0.8 0.6 135


0.8 0.6 0.6 130
0.6 0.8 0.6 135
0.6 0.6 0.8 165
0.8 0.6 0.6 130
0.8 0.6 0.8 166
0.6 0.8 0.6 135

0.8 0.6 0.8 166
0.6 0.6 0.8 165


0.6 0.8 0.6 135
0.6 0.6 0.8 165
0.8 0.6 0.8 166
0.6 0.8 0.6 135
0.6 0.8 0.8 171
0.6 0.6 0.8 165

0.6 0.8 0.8 171
0.8 0.6 0.8 166


0.8 0.6 0.6 130
0.6 0.8 0.6 135
0.8 0.6 0.8 166
0.8 0.6 0.6 130
0.8 0.8 0.6 136
0.6 0.8 0.6 135

0.8 0.8 0.6 136
0.8 0.6 0.8 166


0.6 0.8 0.6 135
0.8 0.6 0.8 166
0.8 0.8 0.6 136
0.6 0.8 0.6 135
0.6 0.8 0.8 171
0.8 0.6 0.8 166

0.6 0.8 0.8 171
0.8 0.8 0.6 136


0.8 0.6 0.8 166
0.8 0.8 0.6 136
0.6 0.8 0.8 171
0.8 0.6 0.8 166
0.8 0.8 0.8 172
0.8 0.8 0.6 136

0.8 0.8 0.8 172
0.6 0.8 0.8 171


0.8 0.6 0.6 130
1 0.6 0.6 131
0.8 0.8 0.6 136
0.8 0.6 0.6 130
0.8 0.6 0.8 166
1 0.6 0.6 131

0.8 0.6 0.8 166
0.8 0.8 0.6 136


1 0.6 0.6 131
0.8 0.8 0.6 136
0.8 0.6 0.8 166
1 0.6 0.6 131
1 0.6 0.8 167
0.8 0.8 0.6 136

1 0.6 0.8 167
0.8 0.6 0.8 166


0.8 0.8 0.6 136
0.8 0.6 0.8 166
1 0.6 0.8 167
0.8 0.8 0.6 136
0.8 0.8 0.8 172
0.8 0.6 0.8 166

0.8 0.8 0.8 172
1 0.6 0.8 167


1 0.6 0.6 131
0.8 0.8 0.6 136
1 0.6 0.8 167
1 0.6 0.6 131
1 0.8 0.6 137
0.8 0.8 0.6 136

1 0.8 0.6 137
1 0.6 0.8 167


0.8 0.8 0.6 136
1 0.6 0.8 167
1 0.8 0.6 137
0.8 0.8 0.6 136
0.8 0.8 0.8 172
1 0.6 0.8 167

0.8 0.8 0.8 172
1 0.8 0.6 137


1 0.6 0.8 167
1 0.8 0.6 137
0.8 0.8 0.8 172
1 0.6 0.8 167
1 0.8 0.8 173
1 0.8 0.6 137

1 0.8 0.8 173
0.8 0.8 0.8 172


0 0.8 0.6 132
0.2 0.8 0.6 133
0 1 0.6 138
0 0.8 0.6 132
0 0.8 0.8 168
0.2 0.8 0.6 133

0 0.8 0.8 168
0 1 0.6 138


0.2 0.8 0.6 133
0 1 0.6 138
0 0.8 0.8 168
0.2 0.8 0.6 133
0.2 0.8 0.8 169
0 1 0.6 138

0.2 0.8 0.8 169
0 0.8 0.8 168


0 1 0.6 138
0 0.8 0.8 168
0.2 0.8 0.8 169
0 1 0.6 138
0 1 0.8 174
0 0.8 0.8 168

0 1 0.8 174
0.2 0.8 0.8 169


0.2 0.8 0.6 133
0 1 0.6 138
0.2 0.8 0.8 169
0.2 0.8 0.6 133
0.2 1 0.6 139
0 1 0.6 138

0.2 1 0.6 139
0.2 0.8 0.8 169


0 1 0.6 138
0.2 0.8 0.8 169
0.2 1 0.6 139
0 1 0.6 138
0 1 0.8 174
0.2 0.8 0.8 169

0 1 0.8 174
0.2 1 0.6 139


0.2 0.8 0.8 169
0.2 1 0.6 139
0 1 0.8 174
0.2 0.8 0.8 169
0.2 1 0.8 175
0.2 1 0.6 139

0.2 1 0.8 175
0 1 0.8 174


0.2 0.8 0.6 133
0.4 0.8 0.6 134
0.2 1 0.6 139
0.2 0.8 0.6 133
0.2 0.8 0.8 169
0.4 0.8 0.6 134

0.2 0.8 0.8 169
0.2 1 0.6 139


0.4 0.8 0.6 134
0.2 1 0.6 139
0.2 0.8 0.8 169
0.4 0.8 0.6 134
0.4 0.8 0.8 170
0.2 1 0.6 139

0.4 0.8 0.8 170
0.2 0.8 0.8 169


0.2 1 0.6 139
0.2 0.8 0.8 169
0.4 0.8 0.8 170
0.2 1 0.6 139
0.2 1 0.8 175
0.2 0.8 0.8 169

0.2 1 0.8 175
0.4 0.8 0.8 170


0.4 0.8 0.6 134
0.2 1 0.6 139
0.4 0.8 0.8 170
0.4 0.8 0.6 134
0.4 1 0.6 140
0.2 1 0.6 139

0.4 1 0.6 140
0.4 0.8 0.8 170


0.2 1 0.6 139
0.4 0.8 0.8 170
0.4 1 0.6 140
0.2 1 0.6 139
0.2 1 0.8 175
0.4 0.8 0.8 170

0.2 1 0.8 175
0.4 1 0.6 140


0.4 0.8 0.8 170
0.4 1 0.6 140
0.2 1 0.8 175
0.4 0.8 0.8 170
0.4 1 0.8 176
0.4 1 0.6 140

0.4 1 0.8 176
0.2 1 0.8 175


0.4 0.8 0.6 134
0.6 0.8 0.6 135
0.4 1 0.6 140
0.4 0.8 0.6 134
0.4 0.8 0.8 170
0.6 0.8 0.6 135

0.4 0.8 0.8 170
0.4 1 0.6 140


0.6 0.8 0.6 135
0.4 1 0.6 140
0.4 0.8 0.8 170
0.6 0.8 0.6 135
0.6 0.8 0.8 171
0.4 1 0.6 140

0.6 0.8 0.8 171
0.4 0.8 0.8 170


0.4 1 0.6 140
0.4 0.8 0.8 170
0.6 0.8 0.8 171
0.4 1 0.6 140
0.4 1 0.8 176
0.4 0.8 0.8 170

0.4 1 0.8 176
0.6 0.8 0.8 171


0.6 0.8 0.6 135
0.4 1 0.6 140
0.6 0.8 0.8 171
0.6 0.8 0.6 135
0.6 1 0.6 141
0.4 1 0.6 140

0.6 1 0.6 141
0.6 0.8 0.8 171


0.4 1 0.6 140
0.6 0.8 0.8 171
0.6 1 0.6 141
0.4 1 0.6 140
0.4 1 0.8 176
0.6 0.8 0.8 171

0.4 1 0.8 176
0.6 1 0.6 141


0.6 0.8 0.8 171
0.6 1 0.6 141
0.4 1 0.8 176
0.6 0.8 0.8 171
0.6 1 0.8 177
0.6 1 0.6 141

0.6 1 0.8 177
0.4 1 0.8 176


0.6 0.8 0.6 135
0.8 0.8 0.6 136
0.6 1 0.6 141
0.6 0.8 0.6 135
0.6 0.8 0.8 171
0.8 0.8 0.6 136

0.6 0.8 0.8 171
0.6 1 0.6 141


0.8 0.8 0.6 136
0.6 1 0.6 141
0.6 0.8 0.8 171
0.8 0.8 0.6 136
0.8 0.8 0.8 172
0.6 1 0.6 141

0.8 0.8 0.8 172
0.6 0.8 0.8 171


0.6 1 0.6 141
0.6 0.8 0.8 171
0.8 0.8 0.8 172
0.6 1 0.6 141
0.6 1 0.8 177
0.6 0.8 0.8 171

0.6 1 0.8 177
0.8 0.8 0.8 172


0.8 0.8 0.6 136
0.6 1 0.6 141
0.8 0.8 0.8 172
0.8 0.8 0.6 136
0.8 1 0.6 142
0.6 1 0.6 141

0.8 1 0.6 142
0.8 0.8 0.8 172


0.6 1 0.6 141
0.8 0.8 0.8 172
0.8 1 0.6 142
0.6 1 0.6 141
0.6 1 0.8 177
0.8 0.8 0.8 172

0.6 1 0.8 177
0.8 1 0.6 142


0.8 0.8 0.8 172
0.8 1 0.6 142
0.6 1 0.8 177
0.8 0.8 0.8 172
0.8 1 0.8 178
0.8 1 0.6 142

0.8 1 0.8 178
0.6 1 0.8 177


0.8 0.8 0.6 136
1 0.8 0.6 137
0.8 1 0.6 142
0.8 0.8 0.6 136
0.8 0.8 0.8 172
1 0.8 0.6 137

0.8 0.8 0.8 172
0.8 1 0.6 142


1 0.8 0.6 137
0.8 1 0.6 142
0.8 0.8 0.8 172
1 0.8 0.6 137
1 0.8 0.8 173
0.8 1 0.6 142

1 0.8 0.8 173
0.8 0.8 0.8 172


0.8 1 0.6 142
0.8 0.8 0.8 172
1 0.8 0.8 173
0.8 1 0.6 142
0.8 1 0.8 178
0.8 0.8 0.8 172

0.8 1 0.8 178
1 0.8 0.8 173


1 0.8 0.6 137
0.8 1 0.6 142
1 0.8 0.8 173
1 0.8 0.6 137
1 1 0.6 143
0.8 1 0.6 142

1 1 0.6 143
1 0.8 0.8 173


0.8 1 0.6 142
1 0.8 0.8 173
1 1 0.6 143
0.8 1 0.6 142
0.8 1 0.8 178
1 0.8 0.8 173

0.8 1 0.8 178
1 1 0.6 143


1 0.8 0.8 173
1 1 0.6 143
0.8 1 0.8 178
1 0.8 0.8 173
1 1 0.8 179
1 1 0.6 143

1 1 0.8 179
0.8 1 0.8 178


0 0 0.8 144
0.2 0 0.8 145
0 0.2 0.8 150
0 0 0.8 144
0 0 1 180
0.2 0 0.8 145

0 0 1 180
0 0.2 0.8 150


0.2 0 0.8 145
0 0.2 0.8 150
0 0 1 180
0.2 0 0.8 145
0.2 0 1 181
0 0.2 0.8 150

0.2 0 1 181
0 0 1 180


0 0.2 0.8 150
0 0 1 180
0.2 0 1 181
0 0.2 0.8 150
0 0.2 1 186
0 0 1 180

0 0.2 1 186
0.2 0 1 181


0.2 0 0.8 145
0 0.2 0.8 150
0.2 0 1 181
0.2 0 0.8 145
0.2 0.2 0.8 151
0 0.2 0.8 150

0.2 0.2 0.8 151
0.2 0 1 181


0 0.2 0.8 150
0.2 0 1 181
0.2 0.2 0.8 151
0 0.2 0.8 150
0 0.2 1 186
0.2 0 1 181

0 0.2 1 186
0.2 0.2 0.8 151


0.2 0 1 181
0.2 0.2 0.8 151
0 0.2 1 186
0.2 0 1 181
0.2 0.2 1 187
0.2 0.2 0.8 151

0.2 0.2 1 187
0 0.2 1 186


0.2 0 0.8 145
0.4 0 0.8 146
0.2 0.2 0.8 151
0.2 0 0.8 145
0.2 0 1 181
0.4 0 0.8 146

0.2 0 1 181
0.2 0.2 0.8 151


0.4 0 0.8 146
0.2 0.2 0.8 151
0.2 0 1 181
0.4 0 0.8 146
0.4 0 1 182
0.2 0.2 0.8 151

0.4 0 1 182
0.2 0 1 181


0.2 0.2 0.8 151
0.2 0 1 181
0.4 0 1 182
0.2 0.2 0.8 151
0.2 0.2 1 187
0.2 0 1 181

0.2 0.2 1 187
0.4 0 1 182


0.4 0 0.8 146
0.2 0.2 0.8 151
0.4 0 1 182
0.4 0 0.8 146
0.4 0.2 0.8 152
0.2 0.2 0.8 151

0.4 0.2 0.8 152
0.4 0 1 182


0.2 0.2 0.8 151
0.4 0 1 182
0.4 0.2 0.8 152
0.2 0.2 0.8 151
0.2 0.2 1 187
0.4 0 1 182

0.2 0.2 1 187
0.4 0.2 0.8 152


0.4 0 1 182
0.4 0.2 0.8 152
0.2 0.2 1 187
0.4 0 1 182
0.4 0.2 1 188
0.4 0.2 0.8 152

0.4 0.2 1 188
0.2 0.2 1 187


0.4 0 0.8 146
0.6 0 0.8 147
0.4 0.2 0.8 152
0.4 0 0.8 146
0.4 0 1 182
0.6 0 0.8 147

0.4 0 1 182
0.4 0.2 0.8 152


0.6 0 0.8 147
0.4 0.2 0.8 152
0.4 0 1 182
0.6 0 0.8 147
0.6 0 1 183
0.4 0.2 0.8 152

0.6 0 1 183
0.4 0 1 182


0.4 0.2 0.8 152
0.4 0 1 182
0.6 0 1 183
0.4 0.2 0.8 152
0.4 0.2 1 188
0.4 0 1 182

0.4 0.2 1 188
0.6 0 1 183


0.6 0 0.8 147
0.4 0.2 0.8 152
0.6 0 1 183
0.6 0 0.8 147
0.6 0.2 0.8 153
0.4 0.2 0.8 152

0.6 0.2 0.8 153
0.6 0 1 183


0.4 0.2 0.8 152
0.6 0 1 183
0.6 0.2 0.8 153
0.4 0.2 0.8 152
0.4 0.2 1 188
0.6 0 1 183

0.4 0.2 1 188
0.6 0.2 0.8 153


0.6 0 1 183
0.6 0.2 0.8 153
0.4 0.2 1 188
0.6 0 1 183
0.6 0.2 1 189
0.6 0.2 0.8 153

0.6 0.2 1 189
0.4 0.2 1 188


0.6 0 0.8 147
0.8 0 0.8 148
0.6 0.2 0.8 153
0.6 0 0.8 147
0.6 0 1 183
0.8 0 0.8 148

0.6 0 1 183
0.6 0.2 0.8 153


0.8 0 0.8 148
0.6 0.2 0.8 153
0.6 0 1 183
0.8 0 0.8 148
0.8 0 1 184
0.6 0.2 0.8 153

0.8 0 1 184
0.6 0 1 183


0.6 0.2 0.8 153
0.6 0 1 183
0.8 0 1 184
0.6 0.2 0.8 153
0.6 0.2 1 189
0.6 0 1 183

0.6 0.2 1 189
0.8 0 1 184


0.8 0 0.8 148
0.6 0.2 0.8 153
0.8 0 1 184
0.8 0 0.8 148
0.8 0.2 0.8 154
0.6 0.2 0.8 153

0.8 0.2 0.8 154
0.8 0 1 184


0.6 0.2 0.8 153
0.8 0 1 184
0.8 0.2 0.8 154
0.6 0.2 0.8 153
0.6 0.2 1 189
0.8 0 1 184

0.6 0.2 1 189
0.8 0.2 0.8 154


0.8 0 1 184
0.8 0.2 0.8 154
0.6 0.2 1 189
0.8 0 1 184
0.8 0.2 1 190
0.8 0.2 0.8 154

0.8 0.2 1 190
0.6 0.2 1 189


0.8 0 0.8 148
1 0 0.8 149
0.8 0.2 0.8 154
0.8 0 0.8 148
0.8 0 1 184
1 0 0.8 149

0.8 0 1 184
0.8 0.2 0.8 154


1 0 0.8 149
0.8 0.2 0.8 154
0.8 0 1 184
1 0 0.8 149
1 0 1 185
0.8 0.2 0.8 154

1 0 1 185
0.8 0 1 184


0.8 0.2 0.8 154
0.8 0 1 184
1 0 1 185
0.8 0.2 0.8 154
0.8 0.2 1 190
0.8 0 1 184

0.8 0.2 1 190
1 0 1 185


1 0 0.8 149
0.8 0.2 0.8 154
1 0 1 185
1 0 0.8 149
1 0.2 0.8 155
0.8 0.2 0.8 154

1 0.2 0.8 155
1 0 1 185


0.8 0.2 0.8 154
1 0 1 185
1 0.2 0.8 155
0.8 0.2 0.8 154
0.8 0.2 1 190
1 0 1 185

0.8 0.2 1 190
1 0.2 0.8 155


1 0 1 185
1 0.2 0.8 155
0.8 0.2 1 190
1 0 1 185
1 0.2 1 191
1 0.2 0.8 155

1 0.2 1 191
0.8 0.2 1 190


0 0.2 0.8 150
0.2 0.2 0.8 151
0 0.4 0.8 156
0 0.2 0.8 150
0 0.2 1 186
0.2 0.2 0.8 151

0 0.2 1 186
0 0.4 0.8 156


0.2 0.2 0.8 151
0 0.4 0.8 156
0 0.2 1 186
0.2 0.2 0.8 151
0.2 0.2 1 187
0 0.4 0.8 156

0.2 0.2 1 187
0 0.2 1 186


0 0.4 0.8 156
0 0.2 1 186
0.2 0.2 1 187
0 0.4 0.8 156
0 0.4 1 192
0 0.2 1 186

0 0.4 1 192
0.2 0.2 1 187


0.2 0.2 0.8 151
0 0.4 0.8 156
0.2 0.2 1 187
0.2 0.2 0.8 151
0.2 0.4 0.8 157
0 0.4 0.8 156

0.2 0.4 0.8 157
0.2 0.2 1 187


0 0.4 0.8 156
0.2 0.2 1 187
0.2 0.4 0.8 157
0 0.4 0.8 156
0 0.4 1 192
0.2 0.2 1 187

0 0.4 1 192
0.2 0.4 0.8 157


0.2 0.2 1 187
0.2 0.4 0.8 157
0 0.4 1 192
0.2 0.2 1 187
0.2 0.4 1 193
0.2 0.4 0.8 157

0.2 0.4 1 193
0 0.4 1 192


0.2 0.2 0.8 151
0.4 0.2 0.8 152
0.2 0.4 0.8 157
0.2 0.2 0.8 151
0.2 0.2 1 187
0.4 0.2 0.8 152

0.2 0.2 1 187
0.2 0.4 0.8 157


0.4 0.2 0.8 152
0.2 0.4 0.8 157
0.2 0.2 1 187
0.4 0.2 0.8 152
0.4 0.2 1 188
0.2 0.4 0.8 157

0.4 0.2 1 188
0.2 0.2 1 187


0.2 0.4 0.8 157
0.2 0.2 1 187
0.4 0.2 1 188
0.2 0.4 0.8 157
0.2 0.4 1 193
0.2 0.2 1 187

0.2 0.4 1 193
0.4 0.2 1 188


0.4 0.2 0.8 152
0.2 0.4 0.8 157
0.4 0.2 1 188
0.4 0.2 0.8 152
0.4 0.4 0.8 158
0.2 0.4 0.8 157

0.4 0.4 0.8 158
0.4 0.2 1 188


0.2 0.4 0.8 157
0.4 0.2 1 188
0.4 0.4 0.8 158
0.2 0.4 0.8 157
0.2 0.4 1 193
0.4 0.2 1 188

0.2 0.4 1 193
0.4 0.4 0.8 158


0.4 0.2 1 188
0.4 0.4 0.8 158
0.2 0.4 1 193
0.4 0.2 1 188
0.4 0.4 1 194
0.4 0.4 0.8 158

0.4 0.4 1 194
0.2 0.4 1 193


0.4 0.2 0.8 152
0.6 0.2 0.8 153
0.4 0.4 0.8 158
0.4 0.2 0.8 152
0.4 0.2 1 188
0.6 0.2 0.8 153

0.4 0.2 1 188
0.4 0.4 0.8 158


0.6 0.2 0.8 153
0.4 0.4 0.8 158
0.4 0.2 1 188
0.6 0.2 0.8 153
0.6 0.2 1 189
0.4 0.4 0.8 158

0.6 0.2 1 189
0.4 0.2 1 188


0.4 0.4 0.8 158
0.4 0.2 1 188
0.6 0.2 1 189
0.4 0.4 0.8 158
0.4 0.4 1 194
0.4 0.2 1 188

0.4 0.4 1 194
0.6 0.2 1 189


0.6 0.2 0.8 153
0.4 0.4 0.8 158
0.6 0.2 1 189
0.6 0.2 0.8 153
0.6 0.4 0.8 159
0.4 0.4 0.8 158

0.6 0.4 0.8 159
0.6 0.2 1 189


0.4 0.4 0.8 158
0.6 0.2 1 189
0.6 0.4 0.8 159
0.4 0.4 0.8 158
0.4 0.4 1 194
0.6 0.2 1 189

0.4 0.4 1 194
0.6 0.4 0.8 159


0.6 0.2 1 189
0.6 0.4 0.8 159
0.4 0.4 1 194
0.6 0.2 1 189
0.6 0.4 1 195
0.6 0.4 0.8 159

0.6 0.4 1 195
0.4 0.4 1 194


0.6 0.2 0.8 153
0.8 0.2 0.8 154
0.6 0.4 0.8 159
0.6 0.2 0.8 153
0.6 0.2 1 189
0.8 0.2 0.8 154

0.6 0.2 1 189
0.6 0.4 0.8 159


0.8 0.2 0.8 154
0.6 0.4 0.8 159
0.6 0.2 1 189
0.8 0.2 0.8 154
0.8 0.2 1 190
0.6 0.4 0.8 159

0.8 0.2 1 190
0.6 0.2 1 189


0.6 0.4 0.8 159
0.6 0.2 1 189
0.8 0.2 1 190
0.6 0.4 0.8 159
0.6 0.4 1 195
0.6 0.2 1 189

0.6 0.4 1 195
0.8 0.2 1 190


0.8 0.2 0.8 154
0.6 0.4 0.8 159
0.8 0.2 1 190
0.8 0.2 0.8 154
0.8 0.4 0.8 160
0.6 0.4 0.8 159

0.8 0.4 0.8 160
0.8 0.2 1 190


0.6 0.4 0.8 159
0.8 0.2 1 190
0.8 0.4 0.8 160
0.6 0.4 0.8 159
0.6 0.4 1 195
0.8 0.2 1 190

0.6 0.4 1 195
0.8 0.4 0.8 160


0.8 0.2 1 190
0.8 0.4 0.8 160
0.6 0.4 1 195
0.8 0.2 1 190
0.8 0.4 1 196
0.8 0.4 0.8 160

0.8 0.4 1 196
0.6 0.4 1 195


0.8 0.2 0.8 154
1 0.2 0.8 155
0.8 0.4 0.8 160
0.8 0.2 0.8 154
0.8 0.2 1 190
1 0.2 0.8 155

0.8 0.2 1 190
0.8 0.4 0.8 160


1 0.2 0.8 155
0.8 0.4 0.8 160
0.8 0.2 1 190
1 0.2 0.8 155
1 0.2 1 191
0.8 0.4 0.8 160

1 0.2 1 191
0.8 0.2 1 190


0.8 0.4 0.8 160
0.8 0.2 1 190
1 0.2 1 191
0.8 0.4 0.8 160
0.8 0.4 1 196
0.8 0.2 1 190

0.8 0.4 1 196
1 0.2 1 191


1 0.2 0.8 155
0.8 0.4 0.8 160
1 0.2 1 191
1 0.2 0.8 155
1 0.4 0.8 161
0.8 0.4 0.8 160

1 0.4 0.8 161
1 0.2 1 191


0.8 0.4 0.8 160
1 0.2 1 191
1 0.4 0.8 161
0.8 0.4 0.8 160
0.8 0.4 1 196
1 0.2 1 191

0.8 0.4 1 196
1 0.4 0.8 161


1 0.2 1 191
1 0.4 0.8 161
0.8 0.4 1 196
1 0.2 1 191
1 0.4 1 197
1 0.4 0.8 161

1 0.4 1 197
0.8 0.4 1 196


0 0.4 0.8 156
0.2 0.4 0.8 157
0 0.6 0.8 162
0 0.4 0.8 156
0 0.4 1 192
0.2 0.4 0.8 157

0 0.4 1 192
0 0.6 0.8 162


0.2 0.4 0.8 157
0 0.6 0.8 162
0 0.4 1 192
0.2 0.4 0.8 157
0.2 0.4 1 193
0 0.6 0.8 162

0.2 0.4 1 193
0 0.4 1 192


0 0.6 0.8 162
0 0.4 1 192
0.2 0.4 1 193
0 0.6 0.8 162
0 0.6 1 198
0 0.4 1 192

0 0.6 1 198
0.2 0.4 1 193


0.2 0.4 0.8 157
0 0.6 0.8 162
0.2 0.4 1 193
0.2 0.4 0.8 157
0.2 0.6 0.8 163
0 0.6 0.8 162

0.2 0.6 0.8 163
0.2 0.4 1 193


0 0.6 0.8 162
0.2 0.4 1 193
0.2 0.6 0.8 163
0 0.6 0.8 162
0 0.6 1 198
0.2 0.4 1 193

0 0.6 1 198
0.2 0.6 0.8 163


0.2 0.4 1 193
0.2 0.6 0.8 163
0 0.6 1 198
0.2 0.4 1 193
0.2 0.6 1 199
0.2 0.6 0.8 163

0.2 0.6 1 199
0 0.6 1 198


0.2 0.4 0.8 157
0.4 0.4 0.8 158
0.2 0.6 0.8 163
0.2 0.4 0.8 157
0.2 0.4 1 193
0.4 0.4 0.8 158

0.2 0.4 1 193
0.2 0.6 0.8 163


0.4 0.4 0.8 158
0.2 0.6 0.8 163
0.2 0.4 1 193
0.4 0.4 0.8 158
0.4 0.4 1 194
0.2 0.6 0.8 163

0.4 0.4 1 194
0.2 0.4 1 193


0.2 0.6 0.8 163
0.2 0.4 1 193
0.4 0.4 1 194
0.2 0.6 0.8 163
0.2 0.6 1 199
0.2 0.4 1 193

0.2 0.6 1 199
0.4 0.4 1 194


0.4 0.4 0.8 158
0.2 0.6 0.8 163
0.4 0.4 1 194
0.4 0.4 0.8 158
0.4 0.6 0.8 164
0.2 0.6 0.8 163

0.4 0.6 0.8 164
0.4 0.4 1 194


0.2 0.6 0.8 163
0.4 0.4 1 194
0.4 0.6 0.8 164
0.2 0.6 0.8 163
0.2 0.6 1 199
0.4 0.4 1 194

0.2 0.6 1 199
0.4 0.6 0.8 164


0.4 0.4 1 194
0.4 0.6 0.8 164
0.2 0.6 1 199
0.4 0.4 1 194
0.4 0.6 1 200
0.4 0.6 0.8 164

0.4 0.6 1 200
0.2 0.6 1 199


0.4 0.4 0.8 158
0.6 0.4 0.8 159
0.4 0.6 0.8 164
0.4 0.4 0.8 158
0.4 0.4 1 194
0.6 0.4 0.8 159

0.4 0.4 1 194
0.4 0.6 0.8 164


0.6 0.4 0.8 159
0.4 0.6 0.8 164
0.4 0.4 1 194
0.6 0.4 0.8 159
0.6 0.4 1 195
0.4 0.6 0.8 164

0.6 0.4 1 195
0.4 0.4 1 194


0.4 0.6 0.8 164
0.4 0.4 1 194
0.6 0.4 1 195
0.4 0.6 0.8 164
0.4 0.6 1 200
0.4 0.4 1 194

0.4 0.6 1 200
0.6 0.4 1 195


0.6 0.4 0.8 159
0.4 0.6 0.8 164
0.6 0.4 1 195
0.6 0.4 0.8 159
0.6 0.6 0.8 165
0.4 0.6 0.8 164

0.6 0.6 0.8 165
0.6 0.4 1 195


0.4 0.6 0.8 164
0.6 0.4 1 195
0.6 0.6 0.8 165
0.4 0.6 0.8 164
0.4 0.6 1 200
0.6 0.4 1 195

0.4 0.6 1 200
0.6 0.6 0.8 165


0.6 0.4 1 195
0.6 0.6 0.8 165
0.4 0.6 1 200
0.6 0.4 1 195
0.6 0.6 1 201
0.6 0.6 0.8 165

0.6 0.6 1 201
0.4 0.6 1 200


0.6 0.4 0.8 159
0.8 0.4 0.8 160
0.6 0.6 0.8 165
0.6 0.4 0.8 159
0.6 0.4 1 195
0.8 0.4 0.8 160

0.6 0.4 1 195
0.6 0.6 0.8 165


0.8 0.4 0.8 160
0.6 0.6 0.8 165
0.6 0.4 1 195
0.8 0.4 0.8 160
0.8 0.4 1 196
0.6 0.6 0.8 165

0.8 0.4 1 196
0.6 0.4 1 195


0.6 0.6 0.8 165
0.6 0.4 1 195
0.8 0.4 1 196
0.6 0.6 0.8 165
0.6 0.6 1 201
0.6 0.4 1 195

0.6 0.6 1 201
0.8 0.4 1 196


0.8 0.4 0.8 160
0.6 0.6 0.8 165
0.8 0.4 1 196
0.8 0.4 0.8 160
0.8 0.6 0.8 166
0.6 0.6 0.8 165

0.8 0.6 0.8 166
0.8 0.4 1 196


0.6 0.6 0.8 165
0.8 0.4 1 196
0.8 0.6 0.8 166
0.6 0.6 0.8 165
0.6 0.6 1 201
0.8 0.4 1 196

0.6 0.6 1 201
0.8 0.6 0.8 166


0.8 0.4 1 196
0.8 0.6 0.8 166
0.6 0.6 1 201
0.8 0.4 1 196
0.8 0.6 1 202
0.8 0.6 0.8 166

0.8 0.6 1 202
0.6 0.6 1 201


0.8 0.4 0.8 160
1 0.4 0.8 161
0.8 0.6 0.8 166
0.8 0.4 0.8 160
0.8 0.4 1 196
1 0.4 0.8 161

0.8 0.4 1 196
0.8 0.6 0.8 166


1 0.4 0.8 161
0.8 0.6 0.8 166
0.8 0.4 1 196
1 0.4 0.8 161
1 0.4 1 197
0.8 0.6 0.8 166

1 0.4 1 197
0.8 0.4 1 196


0.8 0.6 0.8 166
0.8 0.4 1 196
1 0.4 1 197
0.8 0.6 0.8 166
0.8 0.6 1 202
0.8 0.4 1 196

0.8 0.6 1 202
1 0.4 1 197


1 0.4 0.8 161
0.8 0.6 0.8 166
1 0.4 1 197
1 0.4 0.8 161
1 0.6 0.8 167
0.8 0.6 0.8 166

1 0.6 0.8 167
1 0.4 1 197


0.8 0.6 0.8 166
1 0.4 1 197
1 0.6 0.8 167
0.8 0.6 0.8 166
0.8 0.6 1 202
1 0.4 1 197

0.8 0.6 1 202
1 0.6 0.8 167


1 0.4 1 197
1 0.6 0.8 167
0.8 0.6 1 202
1 0.4 1 197
1 0.6 1 203
1 0.6 0.8 167

1 0.6 1 203
0.8 0.6 1 202


0 0.6 0.8 162
0.2 0.6 0.8 163
0 0.8 0.8 168
0 0.6 0.8 162
0 0.6 1 198
0.2 0.6 0.8 163

0 0.6 1 198
0 0.8 0.8 168


0.2 0.6 0.8 163
0 0.8 0.8 168
0 0.6 1 198
0.2 0.6 0.8 163
0.2 0.6 1 199
0 0.8 0.8 168

0.2 0.6 1 199
0 0.6 1 198


0 0.8 0.8 168
0 0.6 1 198
0.2 0.6 1 199
0 0.8 0.8 168
0 0.8 1 204
0 0.6 1 198

0 0.8 1 204
0.2 0.6 1 199


0.2 0.6 0.8 163
0 0.8 0.8 168
0.2 0.6 1 199
0.2 0.6 0.8 163
0.2 0.8 0.8 169
0 0.8 0.8 168

0.2 0.8 0.8 169
0.2 0.6 1 199


0 0.8 0.8 168
0.2 0.6 1 199
0.2 0.8 0.8 169
0 0.8 0.8 168
0 0.8 1 204
0.2 0.6 1 199

0 0.8 1 204
0.2 0.8 0.8 169


0.2 0.6 1 199
0.2 0.8 0.8 169
0 0.8 1 204
0.2 0.6 1 199
0.2 0.8 1 205
0.2 0.8 0.8 169

0.2 0.8 1 205
0 0.8 1 204


0.2 0.6 0.8 163
0.4 0.6 0.8 164
0.2 0.8 0.8 169
0.2 0.6 0.8 163
0.2 0.6 1 199
0.4 0.6 0.8 164

0.2 0.6 1 199
0.2 0.8 0.8 169


0.4 0.6 0.8 164
0.2 0.8 0.8 169
0.2 0.6 1 199
0.4 0.6 0.8 164
0.4 0.6 1 200
0.2 0.8 0.8 169

0.4 0.6 1 200
0.2 0.6 1 199


0.2 0.8 0.8 169
0.2 0.6 1 199
0.4 0.6 1 200
0.2 0.8 0.8 169
0.2 0.8 1 205
0.2 0.6 1 199

0.2 0.8 1 205
0.4 0.6 1 200


0.4 0.6 0.8 164
0.2 0.8 0.8 169
0.4 0.6 1 200
0.4 0.6 0.8 164
0.4 0.8 0.8 170
0.2 0.8 0.8 169

0.4 0.8 0.8 170
0.4 0.6 1 200


0.2 0.8 0.8 169
0.4 0.6 1 200
0.4 0.8 0.8 170
0.2 0.8 0.8 169
0.2 0.8 1 205
0.4 0.6 1 200

0.2 0.8 1 205
0.4 0.8 0.8 170


0.4 0.6 1 200
0.4 0.8 0.8 170
0.2 0.8 1 205
0.4 0.6 1 200
0.4 0.8 1 206
0.4 0.8 0.8 170

0.4 0.8 1 206
0.2 0.8 1 205


0.4 0.6 0.8 164
0.6 0.6 0.8 165
0.4 0.8 0.8 170
0.4 0.6 0.8 164
0.4 0.6 1 200
0.6 0.6 0.8 165

0.4 0.6 1 200
0.4 0.8 0.8 170


0.6 0.6 0.8 165
0.4 0.8 0.8 170
0.4 0.6 1 200
0.6 0.6 0.8 165
0.6 0.6 1 201
0.4 0.8 0.8 170

0.6 0.6 1 201
0.4 0.6 1 200


0.4 0.8 0.8 170
0.4 0.6 1 200
0.6 0.6 1 201
0.4 0.8 0.8 170
0.4 0.8 1 206
0.4 0.6 1 200

0.4 0.8 1 206
0.6 0.6 1 201


0.6 0.6 0.8 165
0.4 0.8 0.8 170
0.6 0.6 1 201
0.6 0.6 0.8 165
0.6 0.8 0.8 171
0.4 0.8 0.8 170

0.6 0.8 0.8 171
0.6 0.6 1 201


0.4 0.8 0.8 170
0.6 0.6 1 201
0.6 0.8 0.8 171
0.4 0.8 0.8 170
0.4 0.8 1 206
0.6 0.6 1 201

0.4 0.8 1 206
0.6 0.8 0.8 171


0.6 0.6 1 201
0.6 0.8 0.8 171
0.4 0.8 1 206
0.6 0.6 1 201
0.6 0.8 1 207
0.6 0.8 0.8 171

0.6 0.8 1 207
0.4 0.8 1 206


0.6 0.6 0.8 165
0.8 0.6 0.8 166
0.6 0.8 0.8 171
0.6 0.6 0.8 165
0.6 0.6 1 201
0.8 0.6 0.8 166

0.6 0.6 1 201
0.6 0.8 0.8 171


0.8 0.6 0.8 166
0.6 0.8 0.8 171
0.6 0.6 1 201
0.8 0.6 0.8 166
0.8 0.6 1 202
0.6 0.8 0.8 171

0.8 0.6 1 202
0.6 0.6 1 201


0.6 0.8 0.8 171
0.6 0.6 1 201
0.8 0.6 1 202
0.6 0.8 0.8 171
0.6 0.8 1 207
0.6 0.6 1 201

0.6 0.8 1 207
0.8 0.6 1 202


0.8 0.6 0.8 166
0.6 0.8 0.8 171
0.8 0.6 1 202
0.8 0.6 0.8 166
0.8 0.8 0.8 172
0.6 0.8 0.8 171

0.8 0.8 0.8 172
0.8 0.6 1 202


0.6 0.8 0.8 171
0.8 0.6 1 202
0.8 0.8 0.8 172
0.6 0.8 0.8 171
0.6 0.8 1 207
0.8 0.6 1 202

0.6 0.8 1 207
0.8 0.8 0.8 172


0.8 0.6 1 202
0.8 0.8 0.8 172
0.6 0.8 1 207
0.8 0.6 1 202
0.8 0.8 1 208
0.8 0.8 0.8 172

0.8 0.8 1 208
0.6 0.8 1 207


0.8 0.6 0.8 166
1 0.6 0.8 167
0.8 0.8 0.8 172
0.8 0.6 0.8 166
0.8 0.6 1 202
1 0.6 0.8 167

0.8 0.6 1 202
0.8 0.8 0.8 172


1 0.6 0.8 167
0.8 0.8 0.8 172
0.8 0.6 1 202
1 0.6 0.8 167
1 0.6 1 203
0.8 0.8 0.8 172

1 0.6 1 203
0.8 0.6 1 202


0.8 0.8 0.8 172
0.8 0.6 1 202
1 0.6 1 203
0.8 0.8 0.8 172
0.8 0.8 1 208
0.8 0.6 1 202

0.8 0.8 1 208
1 0.6 1 203


1 0.6 0.8 167
0.8 0.8 0.8 172
1 0.6 1 203
1 0.6 0.8 167
1 0.8 0.8 173
0.8 0.8 0.8 172

1 0.8 0.8 173
1 0.6 1 203


0.8 0.8 0.8 172
1 0.6 1 203
1 0.8 0.8 173
0.8 0.8 0.8 172
0.8 0.8 1 208
1 0.6 1 203

0.8 0.8 1 208
1 0.8 0.8 173


1 0.6 1 203
1 0.8 0.8 173
0.8 0.8 1 208
1 0.6 1 203
1 0.8 1 209
1 0.8 0.8 173

1 0.8 1 209
0.8 0.8 1 208


0 0.8 0.8 168
0.2 0.8 0.8 169
0 1 0.8 174
0 0.8 0.8 168
0 0.8 1 204
0.2 0.8 0.8 169

0 0.8 1 204
0 1 0.8 174


0.2 0.8 0.8 169
0 1 0.8 174
0 0.8 1 204
0.2 0.8 0.8 169
0.2 0.8 1 205
0 1 0.8 174

0.2 0.8 1 205
0 0.8 1 204


0 1 0.8 174
0 0.8 1 204
0.2 0.8 1 205
0 1 0.8 174
0 1 1 210
0 0.8 1 204

0 1 1 210
0.2 0.8 1 205


0.2 0.8 0.8 169
0 1 0.8 174
0.2 0.8 1 205
0.2 0.8 0.8 169
0.2 1 0.8 175
0 1 0.8 174

0.2 1 0.8 175
0.2 0.8 1 205


0 1 0.8 174
0.2 0.8 1 205
0.2 1 0.8 175
0 1 0.8 174
0 1 1 210
0.2 0.8 1 205

0 1 1 210
0.2 1 0.8 175


0.2 0.8 1 205
0.2 1 0.8 175
0 1 1 210
0.2 0.8 1 205
0.2 1 1 211
0.2 1 0.8 175

0.2 1 1 211
0 1 1 210


0.2 0.8 0.8 169
0.4 0.8 0.8 170
0.2 1 0.8 175
0.2 0.8 0.8 169
0.2 0.8 1 205
0.4 0.8 0.8 170

0.2 0.8 1 205
0.2 1 0.8 175


0.4 0.8 0.8 170
0.2 1 0.8 175
0.2 0.8 1 205
0.4 0.8 0.8 170
0.4 0.8 1 206
0.2 1 0.8 175

0.4 0.8 1 206
0.2 0.8 1 205


0.2 1 0.8 175
0.2 0.8 1 205
0.4 0.8 1 206
0.2 1 0.8 175
0.2 1 1 211
0.2 0.8 1 205

0.2 1 1 211
0.4 0.8 1 206


0.4 0.8 0.8 170
0.2 1 0.8 175
0.4 0.8 1 206
0.4 0.8 0.8 170
0.4 1 0.8 176
0.2 1 0.8 175

0.4 1 0.8 176
0.4 0.8 1 206


0.2 1 0.8 175
0.4 0.8 1 206
0.4 1 0.8 176
0.2 1 0.8 175
0.2 1 1 211
0.4 0.8 1 206

0.2 1 1 211
0.4 1 0.8 176


0.4 0.8 1 206
0.4 1 0.8 176
0.2 1 1 211
0.4 0.8 1 206
0.4 1 1 212
0.4 1 0.8 176

0.4 1 1 212
0.2 1 1 211


0.4 0.8 0.8 170
0.6 0.8 0.8 171
0.4 1 0.8 176
0.4 0.8 0.8 170
0.4 0.8 1 206
0.6 0.8 0.8 171

0.4 0.8 1 206
0.4 1 0.8 176


0.6 0.8 0.8 171
0.4 1 0.8 176
0.4 0.8 1 206
0.6 0.8 0.8 171
0.6 0.8 1 207
0.4 1 0.8 176

0.6 0.8 1 207
0.4 0.8 1 206


0.4 1 0.8 176
0.4 0.8 1 206
0.6 0.8 1 207
0.4 1 0.8 176
0.4 1 1 212
0.4 0.8 1 206

0.4 1 1 212
0.6 0.8 1 207


0.6 0.8 0.8 171
0.4 1 0.8 176
0.6 0.8 1 207
0.6 0.8 0.8 171
0.6 1 0.8 177
0.4 1 0.8 176

0.6 1 0.8 177
0.6 0.8 1 207


0.4 1 0.8 176
0.6 0.8 1 207
0.6 1 0.8 177
0.4 1 0.8 176
0.4 1 1 212
0.6 0.8 1 207

0.4 1 1 212
0.6 1 0.8 177


0.6 0.8 1 207
0.6 1 0.8 177
0.4 1 1 212
0.6 0.8 1 207
0.6 1 1 213
0.6 1 0.8 177

0.6 1 1 213
0.4 1 1 212


0.6 0.8 0.8 171
0.8 0.8 0.8 172
0.6 1 0.8 177
0.6 0.8 0.8 171
0.6 0.8 1 207
0.8 0.8 0.8 172

0.6 0.8 1 207
0.6 1 0.8 177


0.8 0.8 0.8 172
0.6 1 0.8 177
0.6 0.8 1 207
0.8 0.8 0.8 172
0.8 0.8 1 208
0.6 1 0.8 177

0.8 0.8 1 208
0.6 0.8 1 207


0.6 1 0.8 177
0.6 0.8 1 207
0.8 0.8 1 208
0.6 1 0.8 177
0.6 1 1 213
0.6 0.8 1 207

0.6 1 1 213
0.8 0.8 1 208


0.8 0.8 0.8 172
0.6 1 0.8 177
0.8 0.8 1 208
0.8 0.8 0.8 172
0.8 1 0.8 178
0.6 1 0.8 177

0.8 1 0.8 178
0.8 0.8 1 208


0.6 1 0.8 177
0.8 0.8 1 208
0.8 1 0.8 178
0.6 1 0.8 177
0.6 1 1 213
0.8 0.8 1 208

0.6 1 1 213
0.8 1 0.8 178


0.8 0.8 1 208
0.8 1 0.8 178
0.6 1 1 213
0.8 0.8 1 208
0.8 1 1 214
0.8 1 0.8 178

0.8 1 1 214
0.6 1 1 213


0.8 0.8 0.8 172
1 0.8 0.8 173
0.8 1 0.8 178
0.8 0.8 0.8 172
0.8 0.8 1 208
1 0.8 0.8 173

0.8 0.8 1 208
0.8 1 0.8 178


1 0.8 0.8 173
0.8 1 0.8 178
0.8 0.8 1 208
1 0.8 0.8 173
1 0.8 1 209
0.8 1 0.8 178

1 0.8 1 209
0.8 0.8 1 208


0.8 1 0.8 178
0.8 0.8 1 208
1 0.8 1 209
0.8 1 0.8 178
0.8 1 1 214
0.8 0.8 1 208

0.8 1 1 214
1 0.8 1 209


1 0.8 0.8 173
0.8 1 0.8 178
1 0.8 1 209
1 0.8 0.8 173
1 1 0.8 179
0.8 1 0.8 178

1 1 0.8 179
1 0.8 1 209


0.8 1 0.8 178
1 0.8 1 209
1 1 0.8 179
0.8 1 0.8 178
0.8 1 1 214
1 0.8 1 209

0.8 1 1 214
1 1 0.8 179


1 0.8 1 209
1 1 0.8 179
0.8 1 1 214
1 0.8 1 209
1 1 1 215
1 1 0.8 179

1 1 1 215
0.8 1 1 214


