0 0 0 0
0.0625 0 0 145
0.03125 0.03125 0 147
0 0 0 0


0.0625 0 0 145
0.125 0 0 41
0.09375 0.03125 0 146
0.0625 0 0 145


0.03125 0.03125 0 147
0.09375 0.03125 0 146
0.0625 0.0625 0 43
0.03125 0.03125 0 147


0.0625 0 0 145
0.09375 0.03125 0 146
0.03125 0.03125 0 147
0.0625 0 0 145


0.125 0 0 41
0.1875 0 0 148
0.15625 0.03125 0 150
0.125 0 0 41


0.1875 0 0 148
0.25 0 0 16
0.21875 0.03125 0 149
0.1875 0 0 148


0.15625 0.03125 0 150
0.21875 0.03125 0 149
0.1875 0.0625 0 42
0.15625 0.03125 0 150


0.1875 0 0 148
0.21875 0.03125 0 149
0.15625 0.03125 0 150
0.1875 0 0 148


0.0625 0.0625 0 43
0.125 0.0625 0 151
0.09375 0.09375 0 153
0.0625 0.0625 0 43


0.125 0.0625 0 151
0.1875 0.0625 0 42
0.15625 0.09375 0 152
0.125 0.0625 0 151


0.09375 0.09375 0 153
0.15625 0.09375 0 152
0.125 0.125 0 13
0.09375 0.09375 0 153


0.125 0.0625 0 151
0.15625 0.09375 0 152
0.09375 0.09375 0 153
0.125 0.0625 0 151


0.125 0 0 41
0.15625 0.03125 0 150
0.09375 0.03125 0 146
0.125 0 0 41


0.15625 0.03125 0 150
0.1875 0.0625 0 42
0.125 0.0625 0 151
0.15625 0.03125 0 150


0.09375 0.03125 0 146
0.125 0.0625 0 151
0.0625 0.0625 0 43
0.09375 0.03125 0 146


0.15625 0.03125 0 150
0.125 0.0625 0 151
0.09375 0.03125 0 146
0.15625 0.03125 0 150


0.25 0 0 16
0.3125 0 0 154
0.28125 0.03125 0 156
0.25 0 0 16


0.3125 0 0 154
0.375 0 0 44
0.34375 0.03125 0 155
0.3125 0 0 154


0.28125 0.03125 0 156
0.34375 0.03125 0 155
0.3125 0.0625 0 46
0.28125 0.03125 0 156


0.3125 0 0 154
0.34375 0.03125 0 155
0.28125 0.03125 0 156
0.3125 0 0 154


0.375 0 0 44
0.4375 0 0 157
0.40625 0.03125 0 159
0.375 0 0 44


0.4375 0 0 157
0.5 0 0 5
0.46875 0.03125 0 158
0.4375 0 0 157


0.40625 0.03125 0 159
0.46875 0.03125 0 158
0.4375 0.0625 0 45
0.40625 0.03125 0 159


0.4375 0 0 157
0.46875 0.03125 0 158
0.40625 0.03125 0 159
0.4375 0 0 157


0.3125 0.0625 0 46
0.375 0.0625 0 160
0.34375 0.09375 0 162
0.3125 0.0625 0 46


0.375 0.0625 0 160
0.4375 0.0625 0 45
0.40625 0.09375 0 161
0.375 0.0625 0 160


0.34375 0.09375 0 162
0.40625 0.09375 0 161
0.375 0.125 0 17
0.34375 0.09375 0 162


0.375 0.0625 0 160
0.40625 0.09375 0 161
0.34375 0.09375 0 162
0.375 0.0625 0 160


0.375 0 0 44
0.40625 0.03125 0 159
0.34375 0.03125 0 155
0.375 0 0 44


0.40625 0.03125 0 159
0.4375 0.0625 0 45
0.375 0.0625 0 160
0.40625 0.03125 0 159


0.34375 0.03125 0 155
0.375 0.0625 0 160
0.3125 0.0625 0 46
0.34375 0.03125 0 155


0.40625 0.03125 0 159
0.375 0.0625 0 160
0.34375 0.03125 0 155
0.40625 0.03125 0 159


0.125 0.125 0 13
0.1875 0.125 0 163
0.15625 0.15625 0 165
0.125 0.125 0 13


0.1875 0.125 0 163
0.25 0.125 0 47
0.21875 0.15625 0 164
0.1875 0.125 0 163


0.15625 0.15625 0 165
0.21875 0.15625 0 164
0.1875 0.1875 0 49
0.15625 0.15625 0 165


0.1875 0.125 0 163
0.21875 0.15625 0 164
0.15625 0.15625 0 165
0.1875 0.125 0 163


0.25 0.125 0 47
0.3125 0.125 0 166
0.28125 0.15625 0 168
0.25 0.125 0 47


0.3125 0.125 0 166
0.375 0.125 0 17
0.34375 0.15625 0 167
0.3125 0.125 0 166


0.28125 0.15625 0 168
0.34375 0.15625 0 167
0.3125 0.1875 0 48
0.28125 0.15625 0 168


0.3125 0.125 0 166
0.34375 0.15625 0 167
0.28125 0.15625 0 168
0.3125 0.125 0 166


0.1875 0.1875 0 49
0.25 0.1875 0 169
0.21875 0.21875 0 171
0.1875 0.1875 0 49


0.25 0.1875 0 169
0.3125 0.1875 0 48
0.28125 0.21875 0 170
0.25 0.1875 0 169


0.21875 0.21875 0 171
0.28125 0.21875 0 170
0.25 0.25 0 7
0.21875 0.21875 0 171


0.25 0.1875 0 169
0.28125 0.21875 0 170
0.21875 0.21875 0 171
0.25 0.1875 0 169


0.25 0.125 0 47
0.28125 0.15625 0 168
0.21875 0.15625 0 164
0.25 0.125 0 47


0.28125 0.15625 0 168
0.3125 0.1875 0 48
0.25 0.1875 0 169
0.28125 0.15625 0 168


0.21875 0.15625 0 164
0.25 0.1875 0 169
0.1875 0.1875 0 49
0.21875 0.15625 0 164


0.28125 0.15625 0 168
0.25 0.1875 0 169
0.21875 0.15625 0 164
0.28125 0.15625 0 168


0.25 0 0 16
0.28125 0.03125 0 156
0.21875 0.03125 0 149
0.25 0 0 16


0.28125 0.03125 0 156
0.3125 0.0625 0 46
0.25 0.0625 0 172
0.28125 0.03125 0 156


0.21875 0.03125 0 149
0.25 0.0625 0 172
0.1875 0.0625 0 42
0.21875 0.03125 0 149


0.28125 0.03125 0 156
0.25 0.0625 0 172
0.21875 0.03125 0 149
0.28125 0.03125 0 156


0.3125 0.0625 0 46
0.34375 0.09375 0 162
0.28125 0.09375 0 173
0.3125 0.0625 0 46


0.34375 0.09375 0 162
0.375 0.125 0 17
0.3125 0.125 0 166
0.34375 0.09375 0 162


0.28125 0.09375 0 173
0.3125 0.125 0 166
0.25 0.125 0 47
0.28125 0.09375 0 173


0.34375 0.09375 0 162
0.3125 0.125 0 166
0.28125 0.09375 0 173
0.34375 0.09375 0 162


0.1875 0.0625 0 42
0.21875 0.09375 0 174
0.15625 0.09375 0 152
0.1875 0.0625 0 42


0.21875 0.09375 0 174
0.25 0.125 0 47
0.1875 0.125 0 163
0.21875 0.09375 0 174


0.15625 0.09375 0 152
0.1875 0.125 0 163
0.125 0.125 0 13
0.15625 0.09375 0 152


0.21875 0.09375 0 174
0.1875 0.125 0 163
0.15625 0.09375 0 152
0.21875 0.09375 0 174


0.3125 0.0625 0 46
0.28125 0.09375 0 173
0.25 0.0625 0 172
0.3125 0.0625 0 46


0.28125 0.09375 0 173
0.25 0.125 0 47
0.21875 0.09375 0 174
0.28125 0.09375 0 173


0.25 0.0625 0 172
0.21875 0.09375 0 174
0.1875 0.0625 0 42
0.25 0.0625 0 172


0.28125 0.09375 0 173
0.21875 0.09375 0 174
0.25 0.0625 0 172
0.28125 0.09375 0 173


0.5 0 0 5
0.5625 0 0 175
0.53125 0.03125 0 177
0.5 0 0 5


0.5625 0 0 175
0.625 0 0 50
0.59375 0.03125 0 176
0.5625 0 0 175


0.53125 0.03125 0 177
0.59375 0.03125 0 176
0.5625 0.0625 0 52
0.53125 0.03125 0 177


0.5625 0 0 175
0.59375 0.03125 0 176
0.53125 0.03125 0 177
0.5625 0 0 175


0.625 0 0 50
0.6875 0 0 178
0.65625 0.03125 0 180
0.625 0 0 50


0.6875 0 0 178
0.75 0 0 14
0.71875 0.03125 0 179
0.6875 0 0 178


0.65625 0.03125 0 180
0.71875 0.03125 0 179
0.6875 0.0625 0 51
0.65625 0.03125 0 180


0.6875 0 0 178
0.71875 0.03125 0 179
0.65625 0.03125 0 180
0.6875 0 0 178


0.5625 0.0625 0 52
0.625 0.0625 0 181
0.59375 0.09375 0 183
0.5625 0.0625 0 52


0.625 0.0625 0 181
0.6875 0.0625 0 51
0.65625 0.09375 0 182
0.625 0.0625 0 181


0.59375 0.09375 0 183
0.65625 0.09375 0 182
0.625 0.125 0 18
0.59375 0.09375 0 183


0.625 0.0625 0 181
0.65625 0.09375 0 182
0.59375 0.09375 0 183
0.625 0.0625 0 181


0.625 0 0 50
0.65625 0.03125 0 180
0.59375 0.03125 0 176
0.625 0 0 50


0.65625 0.03125 0 180
0.6875 0.0625 0 51
0.625 0.0625 0 181
0.65625 0.03125 0 180


0.59375 0.03125 0 176
0.625 0.0625 0 181
0.5625 0.0625 0 52
0.59375 0.03125 0 176


0.65625 0.03125 0 180
0.625 0.0625 0 181
0.59375 0.03125 0 176
0.65625 0.03125 0 180


0.75 0 0 14
0.8125 0 0 184
0.78125 0.03125 0 186
0.75 0 0 14


0.8125 0 0 184
0.875 0 0 53
0.84375 0.03125 0 185
0.8125 0 0 184


0.78125 0.03125 0 186
0.84375 0.03125 0 185
0.8125 0.0625 0 55
0.78125 0.03125 0 186


0.8125 0 0 184
0.84375 0.03125 0 185
0.78125 0.03125 0 186
0.8125 0 0 184


0.875 0 0 53
0.9375 0 0 187
0.90625 0.03125 0 189
0.875 0 0 53


0.9375 0 0 187
1 0 0 1
0.96875 0.03125 0 188
0.9375 0 0 187


0.90625 0.03125 0 189
0.96875 0.03125 0 188
0.9375 0.0625 0 54
0.90625 0.03125 0 189


0.9375 0 0 187
0.96875 0.03125 0 188
0.90625 0.03125 0 189
0.9375 0 0 187


0.8125 0.0625 0 55
0.875 0.0625 0 190
0.84375 0.09375 0 192
0.8125 0.0625 0 55


0.875 0.0625 0 190
0.9375 0.0625 0 54
0.90625 0.09375 0 191
0.875 0.0625 0 190


0.84375 0.09375 0 192
0.90625 0.09375 0 191
0.875 0.125 0 15
0.84375 0.09375 0 192


0.875 0.0625 0 190
0.90625 0.09375 0 191
0.84375 0.09375 0 192
0.875 0.0625 0 190


0.875 0 0 53
0.90625 0.03125 0 189
0.84375 0.03125 0 185
0.875 0 0 53


0.90625 0.03125 0 189
0.9375 0.0625 0 54
0.875 0.0625 0 190
0.90625 0.03125 0 189


0.84375 0.03125 0 185
0.875 0.0625 0 190
0.8125 0.0625 0 55
0.84375 0.03125 0 185


0.90625 0.03125 0 189
0.875 0.0625 0 190
0.84375 0.03125 0 185
0.90625 0.03125 0 189


0.625 0.125 0 18
0.6875 0.125 0 193
0.65625 0.15625 0 195
0.625 0.125 0 18


0.6875 0.125 0 193
0.75 0.125 0 56
0.71875 0.15625 0 194
0.6875 0.125 0 193


0.65625 0.15625 0 195
0.71875 0.15625 0 194
0.6875 0.1875 0 58
0.65625 0.15625 0 195


0.6875 0.125 0 193
0.71875 0.15625 0 194
0.65625 0.15625 0 195
0.6875 0.125 0 193


0.75 0.125 0 56
0.8125 0.125 0 196
0.78125 0.15625 0 198
0.75 0.125 0 56


0.8125 0.125 0 196
0.875 0.125 0 15
0.84375 0.15625 0 197
0.8125 0.125 0 196


0.78125 0.15625 0 198
0.84375 0.15625 0 197
0.8125 0.1875 0 57
0.78125 0.15625 0 198


0.8125 0.125 0 196
0.84375 0.15625 0 197
0.78125 0.15625 0 198
0.8125 0.125 0 196


0.6875 0.1875 0 58
0.75 0.1875 0 199
0.71875 0.21875 0 201
0.6875 0.1875 0 58


0.75 0.1875 0 199
0.8125 0.1875 0 57
0.78125 0.21875 0 200
0.75 0.1875 0 199


0.71875 0.21875 0 201
0.78125 0.21875 0 200
0.75 0.25 0 6
0.71875 0.21875 0 201


0.75 0.1875 0 199
0.78125 0.21875 0 200
0.71875 0.21875 0 201
0.75 0.1875 0 199


0.75 0.125 0 56
0.78125 0.15625 0 198
0.71875 0.15625 0 194
0.75 0.125 0 56


0.78125 0.15625 0 198
0.8125 0.1875 0 57
0.75 0.1875 0 199
0.78125 0.15625 0 198


0.71875 0.15625 0 194
0.75 0.1875 0 199
0.6875 0.1875 0 58
0.71875 0.15625 0 194


0.78125 0.15625 0 198
0.75 0.1875 0 199
0.71875 0.15625 0 194
0.78125 0.15625 0 198


0.75 0 0 14
0.78125 0.03125 0 186
0.71875 0.03125 0 179
0.75 0 0 14


0.78125 0.03125 0 186
0.8125 0.0625 0 55
0.75 0.0625 0 202
0.78125 0.03125 0 186


0.71875 0.03125 0 179
0.75 0.0625 0 202
0.6875 0.0625 0 51
0.71875 0.03125 0 179


0.78125 0.03125 0 186
0.75 0.0625 0 202
0.71875 0.03125 0 179
0.78125 0.03125 0 186


0.8125 0.0625 0 55
0.84375 0.09375 0 192
0.78125 0.09375 0 203
0.8125 0.0625 0 55


0.84375 0.09375 0 192
0.875 0.125 0 15
0.8125 0.125 0 196
0.84375 0.09375 0 192


0.78125 0.09375 0 203
0.8125 0.125 0 196
0.75 0.125 0 56
0.78125 0.09375 0 203


0.84375 0.09375 0 192
0.8125 0.125 0 196
0.78125 0.09375 0 203
0.84375 0.09375 0 192


0.6875 0.0625 0 51
0.71875 0.09375 0 204
0.65625 0.09375 0 182
0.6875 0.0625 0 51


0.71875 0.09375 0 204
0.75 0.125 0 56
0.6875 0.125 0 193
0.71875 0.09375 0 204


0.65625 0.09375 0 182
0.6875 0.125 0 193
0.625 0.125 0 18
0.65625 0.09375 0 182


0.71875 0.09375 0 204
0.6875 0.125 0 193
0.65625 0.09375 0 182
0.71875 0.09375 0 204


0.8125 0.0625 0 55
0.78125 0.09375 0 203
0.75 0.0625 0 202
0.8125 0.0625 0 55


0.78125 0.09375 0 203
0.75 0.125 0 56
0.71875 0.09375 0 204
0.78125 0.09375 0 203


0.75 0.0625 0 202
0.71875 0.09375 0 204
0.6875 0.0625 0 51
0.75 0.0625 0 202


0.78125 0.09375 0 203
0.71875 0.09375 0 204
0.75 0.0625 0 202
0.78125 0.09375 0 203


0.25 0.25 0 7
0.3125 0.25 0 205
0.28125 0.28125 0 207
0.25 0.25 0 7


0.3125 0.25 0 205
0.375 0.25 0 59
0.34375 0.28125 0 206
0.3125 0.25 0 205


0.28125 0.28125 0 207
0.34375 0.28125 0 206
0.3125 0.3125 0 61
0.28125 0.28125 0 207


0.3125 0.25 0 205
0.34375 0.28125 0 206
0.28125 0.28125 0 207
0.3125 0.25 0 205


0.375 0.25 0 59
0.4375 0.25 0 208
0.40625 0.28125 0 210
0.375 0.25 0 59


0.4375 0.25 0 208
0.5 0.25 0 19
0.46875 0.28125 0 209
0.4375 0.25 0 208


0.40625 0.28125 0 210
0.46875 0.28125 0 209
0.4375 0.3125 0 60
0.40625 0.28125 0 210


0.4375 0.25 0 208
0.46875 0.28125 0 209
0.40625 0.28125 0 210
0.4375 0.25 0 208


0.3125 0.3125 0 61
0.375 0.3125 0 211
0.34375 0.34375 0 213
0.3125 0.3125 0 61


0.375 0.3125 0 211
0.4375 0.3125 0 60
0.40625 0.34375 0 212
0.375 0.3125 0 211


0.34375 0.34375 0 213
0.40625 0.34375 0 212
0.375 0.375 0 21
0.34375 0.34375 0 213


0.375 0.3125 0 211
0.40625 0.34375 0 212
0.34375 0.34375 0 213
0.375 0.3125 0 211


0.375 0.25 0 59
0.40625 0.28125 0 210
0.34375 0.28125 0 206
0.375 0.25 0 59


0.40625 0.28125 0 210
0.4375 0.3125 0 60
0.375 0.3125 0 211
0.40625 0.28125 0 210


0.34375 0.28125 0 206
0.375 0.3125 0 211
0.3125 0.3125 0 61
0.34375 0.28125 0 206


0.40625 0.28125 0 210
0.375 0.3125 0 211
0.34375 0.28125 0 206
0.40625 0.28125 0 210


0.5 0.25 0 19
0.5625 0.25 0 214
0.53125 0.28125 0 216
0.5 0.25 0 19


0.5625 0.25 0 214
0.625 0.25 0 62
0.59375 0.28125 0 215
0.5625 0.25 0 214


0.53125 0.28125 0 216
0.59375 0.28125 0 215
0.5625 0.3125 0 64
0.53125 0.28125 0 216


0.5625 0.25 0 214
0.59375 0.28125 0 215
0.53125 0.28125 0 216
0.5625 0.25 0 214


0.625 0.25 0 62
0.6875 0.25 0 217
0.65625 0.28125 0 219
0.625 0.25 0 62


0.6875 0.25 0 217
0.75 0.25 0 6
0.71875 0.28125 0 218
0.6875 0.25 0 217


0.65625 0.28125 0 219
0.71875 0.28125 0 218
0.6875 0.3125 0 63
0.65625 0.28125 0 219


0.6875 0.25 0 217
0.71875 0.28125 0 218
0.65625 0.28125 0 219
0.6875 0.25 0 217


0.5625 0.3125 0 64
0.625 0.3125 0 220
0.59375 0.34375 0 222
0.5625 0.3125 0 64


0.625 0.3125 0 220
0.6875 0.3125 0 63
0.65625 0.34375 0 221
0.625 0.3125 0 220


0.59375 0.34375 0 222
0.65625 0.34375 0 221
0.625 0.375 0 20
0.59375 0.34375 0 222


0.625 0.3125 0 220
0.65625 0.34375 0 221
0.59375 0.34375 0 222
0.625 0.3125 0 220


0.625 0.25 0 62
0.65625 0.28125 0 219
0.59375 0.28125 0 215
0.625 0.25 0 62


0.65625 0.28125 0 219
0.6875 0.3125 0 63
0.625 0.3125 0 220
0.65625 0.28125 0 219


0.59375 0.28125 0 215
0.625 0.3125 0 220
0.5625 0.3125 0 64
0.59375 0.28125 0 215


0.65625 0.28125 0 219
0.625 0.3125 0 220
0.59375 0.28125 0 215
0.65625 0.28125 0 219


0.375 0.375 0 21
0.4375 0.375 0 223
0.40625 0.40625 0 225
0.375 0.375 0 21


0.4375 0.375 0 223
0.5 0.375 0 65
0.46875 0.40625 0 224
0.4375 0.375 0 223


0.40625 0.40625 0 225
0.46875 0.40625 0 224
0.4375 0.4375 0 67
0.40625 0.40625 0 225


0.4375 0.375 0 223
0.46875 0.40625 0 224
0.40625 0.40625 0 225
0.4375 0.375 0 223


0.5 0.375 0 65
0.5625 0.375 0 226
0.53125 0.40625 0 228
0.5 0.375 0 65


0.5625 0.375 0 226
0.625 0.375 0 20
0.59375 0.40625 0 227
0.5625 0.375 0 226


0.53125 0.40625 0 228
0.59375 0.40625 0 227
0.5625 0.4375 0 66
0.53125 0.40625 0 228


0.5625 0.375 0 226
0.59375 0.40625 0 227
0.53125 0.40625 0 228
0.5625 0.375 0 226


0.4375 0.4375 0 67
0.5 0.4375 0 229
0.46875 0.46875 0 231
0.4375 0.4375 0 67


0.5 0.4375 0 229
0.5625 0.4375 0 66
0.53125 0.46875 0 230
0.5 0.4375 0 229


0.46875 0.46875 0 231
0.53125 0.46875 0 230
0.5 0.5 0 4
0.46875 0.46875 0 231


0.5 0.4375 0 229
0.53125 0.46875 0 230
0.46875 0.46875 0 231
0.5 0.4375 0 229


0.5 0.375 0 65
0.53125 0.40625 0 228
0.46875 0.40625 0 224
0.5 0.375 0 65


0.53125 0.40625 0 228
0.5625 0.4375 0 66
0.5 0.4375 0 229
0.53125 0.40625 0 228


0.46875 0.40625 0 224
0.5 0.4375 0 229
0.4375 0.4375 0 67
0.46875 0.40625 0 224


0.53125 0.40625 0 228
0.5 0.4375 0 229
0.46875 0.40625 0 224
0.53125 0.40625 0 228


0.5 0.25 0 19
0.53125 0.28125 0 216
0.46875 0.28125 0 209
0.5 0.25 0 19


0.53125 0.28125 0 216
0.5625 0.3125 0 64
0.5 0.3125 0 232
0.53125 0.28125 0 216


0.46875 0.28125 0 209
0.5 0.3125 0 232
0.4375 0.3125 0 60
0.46875 0.28125 0 209


0.53125 0.28125 0 216
0.5 0.3125 0 232
0.46875 0.28125 0 209
0.53125 0.28125 0 216


0.5625 0.3125 0 64
0.59375 0.34375 0 222
0.53125 0.34375 0 233
0.5625 0.3125 0 64


0.59375 0.34375 0 222
0.625 0.375 0 20
0.5625 0.375 0 226
0.59375 0.34375 0 222


0.53125 0.34375 0 233
0.5625 0.375 0 226
0.5 0.375 0 65
0.53125 0.34375 0 233


0.59375 0.34375 0 222
0.5625 0.375 0 226
0.53125 0.34375 0 233
0.59375 0.34375 0 222


0.4375 0.3125 0 60
0.46875 0.34375 0 234
0.40625 0.34375 0 212
0.4375 0.3125 0 60


0.46875 0.34375 0 234
0.5 0.375 0 65
0.4375 0.375 0 223
0.46875 0.34375 0 234


0.40625 0.34375 0 212
0.4375 0.375 0 223
0.375 0.375 0 21
0.40625 0.34375 0 212


0.46875 0.34375 0 234
0.4375 0.375 0 223
0.40625 0.34375 0 212
0.46875 0.34375 0 234


0.5625 0.3125 0 64
0.53125 0.34375 0 233
0.5 0.3125 0 232
0.5625 0.3125 0 64


0.53125 0.34375 0 233
0.5 0.375 0 65
0.46875 0.34375 0 234
0.53125 0.34375 0 233


0.5 0.3125 0 232
0.46875 0.34375 0 234
0.4375 0.3125 0 60
0.5 0.3125 0 232


0.53125 0.34375 0 233
0.46875 0.34375 0 234
0.5 0.3125 0 232
0.53125 0.34375 0 233


0.5 0 0 5
0.53125 0.03125 0 177
0.46875 0.03125 0 158
0.5 0 0 5


0.53125 0.03125 0 177
0.5625 0.0625 0 52
0.5 0.0625 0 235
0.53125 0.03125 0 177


0.46875 0.03125 0 158
0.5 0.0625 0 235
0.4375 0.0625 0 45
0.46875 0.03125 0 158


0.53125 0.03125 0 177
0.5 0.0625 0 235
0.46875 0.03125 0 158
0.53125 0.03125 0 177


0.5625 0.0625 0 52
0.59375 0.09375 0 183
0.53125 0.09375 0 237
0.5625 0.0625 0 52


0.59375 0.09375 0 183
0.625 0.125 0 18
0.5625 0.125 0 236
0.59375 0.09375 0 183


0.53125 0.09375 0 237
0.5625 0.125 0 236
0.5 0.125 0 68
0.53125 0.09375 0 237


0.59375 0.09375 0 183
0.5625 0.125 0 236
0.53125 0.09375 0 237
0.59375 0.09375 0 183


0.4375 0.0625 0 45
0.46875 0.09375 0 238
0.40625 0.09375 0 161
0.4375 0.0625 0 45


0.46875 0.09375 0 238
0.5 0.125 0 68
0.4375 0.125 0 239
0.46875 0.09375 0 238


0.40625 0.09375 0 161
0.4375 0.125 0 239
0.375 0.125 0 17
0.40625 0.09375 0 161


0.46875 0.09375 0 238
0.4375 0.125 0 239
0.40625 0.09375 0 161
0.46875 0.09375 0 238


0.5625 0.0625 0 52
0.53125 0.09375 0 237
0.5 0.0625 0 235
0.5625 0.0625 0 52


0.53125 0.09375 0 237
0.5 0.125 0 68
0.46875 0.09375 0 238
0.53125 0.09375 0 237


0.5 0.0625 0 235
0.46875 0.09375 0 238
0.4375 0.0625 0 45
0.5 0.0625 0 235


0.53125 0.09375 0 237
0.46875 0.09375 0 238
0.5 0.0625 0 235
0.53125 0.09375 0 237


0.625 0.125 0 18
0.65625 0.15625 0 195
0.59375 0.15625 0 241
0.625 0.125 0 18


0.65625 0.15625 0 195
0.6875 0.1875 0 58
0.625 0.1875 0 240
0.65625 0.15625 0 195


0.59375 0.15625 0 241
0.625 0.1875 0 240
0.5625 0.1875 0 69
0.59375 0.15625 0 241


0.65625 0.15625 0 195
0.625 0.1875 0 240
0.59375 0.15625 0 241
0.65625 0.15625 0 195


0.6875 0.1875 0 58
0.71875 0.21875 0 201
0.65625 0.21875 0 242
0.6875 0.1875 0 58


0.71875 0.21875 0 201
0.75 0.25 0 6
0.6875 0.25 0 217
0.71875 0.21875 0 201


0.65625 0.21875 0 242
0.6875 0.25 0 217
0.625 0.25 0 62
0.65625 0.21875 0 242


0.71875 0.21875 0 201
0.6875 0.25 0 217
0.65625 0.21875 0 242
0.71875 0.21875 0 201


0.5625 0.1875 0 69
0.59375 0.21875 0 243
0.53125 0.21875 0 244
0.5625 0.1875 0 69


0.59375 0.21875 0 243
0.625 0.25 0 62
0.5625 0.25 0 214
0.59375 0.21875 0 243


0.53125 0.21875 0 244
0.5625 0.25 0 214
0.5 0.25 0 19
0.53125 0.21875 0 244


0.59375 0.21875 0 243
0.5625 0.25 0 214
0.53125 0.21875 0 244
0.59375 0.21875 0 243


0.6875 0.1875 0 58
0.65625 0.21875 0 242
0.625 0.1875 0 240
0.6875 0.1875 0 58


0.65625 0.21875 0 242
0.625 0.25 0 62
0.59375 0.21875 0 243
0.65625 0.21875 0 242


0.625 0.1875 0 240
0.59375 0.21875 0 243
0.5625 0.1875 0 69
0.625 0.1875 0 240


0.65625 0.21875 0 242
0.59375 0.21875 0 243
0.625 0.1875 0 240
0.65625 0.21875 0 242


0.375 0.125 0 17
0.40625 0.15625 0 245
0.34375 0.15625 0 167
0.375 0.125 0 17


0.40625 0.15625 0 245
0.4375 0.1875 0 70
0.375 0.1875 0 246
0.40625 0.15625 0 245


0.34375 0.15625 0 167
0.375 0.1875 0 246
0.3125 0.1875 0 48
0.34375 0.15625 0 167


0.40625 0.15625 0 245
0.375 0.1875 0 246
0.34375 0.15625 0 167
0.40625 0.15625 0 245


0.4375 0.1875 0 70
0.46875 0.21875 0 247
0.40625 0.21875 0 248
0.4375 0.1875 0 70


0.46875 0.21875 0 247
0.5 0.25 0 19
0.4375 0.25 0 208
0.46875 0.21875 0 247


0.40625 0.21875 0 248
0.4375 0.25 0 208
0.375 0.25 0 59
0.40625 0.21875 0 248


0.46875 0.21875 0 247
0.4375 0.25 0 208
0.40625 0.21875 0 248
0.46875 0.21875 0 247


0.3125 0.1875 0 48
0.34375 0.21875 0 249
0.28125 0.21875 0 170
0.3125 0.1875 0 48


0.34375 0.21875 0 249
0.375 0.25 0 59
0.3125 0.25 0 205
0.34375 0.21875 0 249


0.28125 0.21875 0 170
0.3125 0.25 0 205
0.25 0.25 0 7
0.28125 0.21875 0 170


0.34375 0.21875 0 249
0.3125 0.25 0 205
0.28125 0.21875 0 170
0.34375 0.21875 0 249


0.4375 0.1875 0 70
0.40625 0.21875 0 248
0.375 0.1875 0 246
0.4375 0.1875 0 70


0.40625 0.21875 0 248
0.375 0.25 0 59
0.34375 0.21875 0 249
0.40625 0.21875 0 248


0.375 0.1875 0 246
0.34375 0.21875 0 249
0.3125 0.1875 0 48
0.375 0.1875 0 246


0.40625 0.21875 0 248
0.34375 0.21875 0 249
0.375 0.1875 0 246
0.40625 0.21875 0 248


0.625 0.125 0 18
0.59375 0.15625 0 241
0.5625 0.125 0 236
0.625 0.125 0 18


0.59375 0.15625 0 241
0.5625 0.1875 0 69
0.53125 0.15625 0 250
0.59375 0.15625 0 241


0.5625 0.125 0 236
0.53125 0.15625 0 250
0.5 0.125 0 68
0.5625 0.125 0 236


0.59375 0.15625 0 241
0.53125 0.15625 0 250
0.5625 0.125 0 236
0.59375 0.15625 0 241


0.5625 0.1875 0 69
0.53125 0.21875 0 244
0.5 0.1875 0 251
0.5625 0.1875 0 69


0.53125 0.21875 0 244
0.5 0.25 0 19
0.46875 0.21875 0 247
0.53125 0.21875 0 244


0.5 0.1875 0 251
0.46875 0.21875 0 247
0.4375 0.1875 0 70
0.5 0.1875 0 251


0.53125 0.21875 0 244
0.46875 0.21875 0 247
0.5 0.1875 0 251
0.53125 0.21875 0 244


0.5 0.125 0 68
0.46875 0.15625 0 252
0.4375 0.125 0 239
0.5 0.125 0 68


0.46875 0.15625 0 252
0.4375 0.1875 0 70
0.40625 0.15625 0 245
0.46875 0.15625 0 252


0.4375 0.125 0 239
0.40625 0.15625 0 245
0.375 0.125 0 17
0.4375 0.125 0 239


0.46875 0.15625 0 252
0.40625 0.15625 0 245
0.4375 0.125 0 239
0.46875 0.15625 0 252


0.5625 0.1875 0 69
0.5 0.1875 0 251
0.53125 0.15625 0 250
0.5625 0.1875 0 69


0.5 0.1875 0 251
0.4375 0.1875 0 70
0.46875 0.15625 0 252
0.5 0.1875 0 251


0.53125 0.15625 0 250
0.46875 0.15625 0 252
0.5 0.125 0 68
0.53125 0.15625 0 250


0.5 0.1875 0 251
0.46875 0.15625 0 252
0.53125 0.15625 0 250
0.5 0.1875 0 251


1 0 0 1
1 0.0625 0 253
0.96875 0.03125 0 188
1 0 0 1


1 0.0625 0 253
1 0.125 0 71
0.96875 0.09375 0 254
1 0.0625 0 253


0.96875 0.03125 0 188
0.96875 0.09375 0 254
0.9375 0.0625 0 54
0.96875 0.03125 0 188


1 0.0625 0 253
0.96875 0.09375 0 254
0.96875 0.03125 0 188
1 0.0625 0 253


1 0.125 0 71
1 0.1875 0 255
0.96875 0.15625 0 257
1 0.125 0 71


1 0.1875 0 255
1 0.25 0 22
0.96875 0.21875 0 256
1 0.1875 0 255


0.96875 0.15625 0 257
0.96875 0.21875 0 256
0.9375 0.1875 0 72
0.96875 0.15625 0 257


1 0.1875 0 255
0.96875 0.21875 0 256
0.96875 0.15625 0 257
1 0.1875 0 255


0.9375 0.0625 0 54
0.9375 0.125 0 258
0.90625 0.09375 0 191
0.9375 0.0625 0 54


0.9375 0.125 0 258
0.9375 0.1875 0 72
0.90625 0.15625 0 259
0.9375 0.125 0 258


0.90625 0.09375 0 191
0.90625 0.15625 0 259
0.875 0.125 0 15
0.90625 0.09375 0 191


0.9375 0.125 0 258
0.90625 0.15625 0 259
0.90625 0.09375 0 191
0.9375 0.125 0 258


1 0.125 0 71
0.96875 0.15625 0 257
0.96875 0.09375 0 254
1 0.125 0 71


0.96875 0.15625 0 257
0.9375 0.1875 0 72
0.9375 0.125 0 258
0.96875 0.15625 0 257


0.96875 0.09375 0 254
0.9375 0.125 0 258
0.9375 0.0625 0 54
0.96875 0.09375 0 254


0.96875 0.15625 0 257
0.9375 0.125 0 258
0.96875 0.09375 0 254
0.96875 0.15625 0 257


1 0.25 0 22
1 0.3125 0 260
0.96875 0.28125 0 262
1 0.25 0 22


1 0.3125 0 260
1 0.375 0 73
0.96875 0.34375 0 261
1 0.3125 0 260


0.96875 0.28125 0 262
0.96875 0.34375 0 261
0.9375 0.3125 0 75
0.96875 0.28125 0 262


1 0.3125 0 260
0.96875 0.34375 0 261
0.96875 0.28125 0 262
1 0.3125 0 260


1 0.375 0 73
1 0.4375 0 263
0.96875 0.40625 0 265
1 0.375 0 73


1 0.4375 0 263
1 0.5 0 8
0.96875 0.46875 0 264
1 0.4375 0 263


0.96875 0.40625 0 265
0.96875 0.46875 0 264
0.9375 0.4375 0 74
0.96875 0.40625 0 265


1 0.4375 0 263
0.96875 0.46875 0 264
0.96875 0.40625 0 265
1 0.4375 0 263


0.9375 0.3125 0 75
0.9375 0.375 0 266
0.90625 0.34375 0 268
0.9375 0.3125 0 75


0.9375 0.375 0 266
0.9375 0.4375 0 74
0.90625 0.40625 0 267
0.9375 0.375 0 266


0.90625 0.34375 0 268
0.90625 0.40625 0 267
0.875 0.375 0 23
0.90625 0.34375 0 268


0.9375 0.375 0 266
0.90625 0.40625 0 267
0.90625 0.34375 0 268
0.9375 0.375 0 266


1 0.375 0 73
0.96875 0.40625 0 265
0.96875 0.34375 0 261
1 0.375 0 73


0.96875 0.40625 0 265
0.9375 0.4375 0 74
0.9375 0.375 0 266
0.96875 0.40625 0 265


0.96875 0.34375 0 261
0.9375 0.375 0 266
0.9375 0.3125 0 75
0.96875 0.34375 0 261


0.96875 0.40625 0 265
0.9375 0.375 0 266
0.96875 0.34375 0 261
0.96875 0.40625 0 265


0.875 0.125 0 15
0.875 0.1875 0 269
0.84375 0.15625 0 197
0.875 0.125 0 15


0.875 0.1875 0 269
0.875 0.25 0 76
0.84375 0.21875 0 270
0.875 0.1875 0 269


0.84375 0.15625 0 197
0.84375 0.21875 0 270
0.8125 0.1875 0 57
0.84375 0.15625 0 197


0.875 0.1875 0 269
0.84375 0.21875 0 270
0.84375 0.15625 0 197
0.875 0.1875 0 269


0.875 0.25 0 76
0.875 0.3125 0 271
0.84375 0.28125 0 273
0.875 0.25 0 76


0.875 0.3125 0 271
0.875 0.375 0 23
0.84375 0.34375 0 272
0.875 0.3125 0 271


0.84375 0.28125 0 273
0.84375 0.34375 0 272
0.8125 0.3125 0 77
0.84375 0.28125 0 273


0.875 0.3125 0 271
0.84375 0.34375 0 272
0.84375 0.28125 0 273
0.875 0.3125 0 271


0.8125 0.1875 0 57
0.8125 0.25 0 274
0.78125 0.21875 0 200
0.8125 0.1875 0 57


0.8125 0.25 0 274
0.8125 0.3125 0 77
0.78125 0.28125 0 275
0.8125 0.25 0 274


0.78125 0.21875 0 200
0.78125 0.28125 0 275
0.75 0.25 0 6
0.78125 0.21875 0 200


0.8125 0.25 0 274
0.78125 0.28125 0 275
0.78125 0.21875 0 200
0.8125 0.25 0 274


0.875 0.25 0 76
0.84375 0.28125 0 273
0.84375 0.21875 0 270
0.875 0.25 0 76


0.84375 0.28125 0 273
0.8125 0.3125 0 77
0.8125 0.25 0 274
0.84375 0.28125 0 273


0.84375 0.21875 0 270
0.8125 0.25 0 274
0.8125 0.1875 0 57
0.84375 0.21875 0 270


0.84375 0.28125 0 273
0.8125 0.25 0 274
0.84375 0.21875 0 270
0.84375 0.28125 0 273


1 0.25 0 22
0.96875 0.28125 0 262
0.96875 0.21875 0 256
1 0.25 0 22


0.96875 0.28125 0 262
0.9375 0.3125 0 75
0.9375 0.25 0 276
0.96875 0.28125 0 262


0.96875 0.21875 0 256
0.9375 0.25 0 276
0.9375 0.1875 0 72
0.96875 0.21875 0 256


0.96875 0.28125 0 262
0.9375 0.25 0 276
0.96875 0.21875 0 256
0.96875 0.28125 0 262


0.9375 0.3125 0 75
0.90625 0.34375 0 268
0.90625 0.28125 0 277
0.9375 0.3125 0 75


0.90625 0.34375 0 268
0.875 0.375 0 23
0.875 0.3125 0 271
0.90625 0.34375 0 268


0.90625 0.28125 0 277
0.875 0.3125 0 271
0.875 0.25 0 76
0.90625 0.28125 0 277


0.90625 0.34375 0 268
0.875 0.3125 0 271
0.90625 0.28125 0 277
0.90625 0.34375 0 268


0.9375 0.1875 0 72
0.90625 0.21875 0 278
0.90625 0.15625 0 259
0.9375 0.1875 0 72


0.90625 0.21875 0 278
0.875 0.25 0 76
0.875 0.1875 0 269
0.90625 0.21875 0 278


0.90625 0.15625 0 259
0.875 0.1875 0 269
0.875 0.125 0 15
0.90625 0.15625 0 259


0.90625 0.21875 0 278
0.875 0.1875 0 269
0.90625 0.15625 0 259
0.90625 0.21875 0 278


0.9375 0.3125 0 75
0.90625 0.28125 0 277
0.9375 0.25 0 276
0.9375 0.3125 0 75


0.90625 0.28125 0 277
0.875 0.25 0 76
0.90625 0.21875 0 278
0.90625 0.28125 0 277


0.9375 0.25 0 276
0.90625 0.21875 0 278
0.9375 0.1875 0 72
0.9375 0.25 0 276


0.90625 0.28125 0 277
0.90625 0.21875 0 278
0.9375 0.25 0 276
0.90625 0.28125 0 277


1 0.5 0 8
1 0.5625 0 279
0.96875 0.53125 0 281
1 0.5 0 8


1 0.5625 0 279
1 0.625 0 78
0.96875 0.59375 0 280
1 0.5625 0 279


0.96875 0.53125 0 281
0.96875 0.59375 0 280
0.9375 0.5625 0 80
0.96875 0.53125 0 281


1 0.5625 0 279
0.96875 0.59375 0 280
0.96875 0.53125 0 281
1 0.5625 0 279


1 0.625 0 78
1 0.6875 0 282
0.96875 0.65625 0 284
1 0.625 0 78


1 0.6875 0 282
1 0.75 0 24
0.96875 0.71875 0 283
1 0.6875 0 282


0.96875 0.65625 0 284
0.96875 0.71875 0 283
0.9375 0.6875 0 79
0.96875 0.65625 0 284


1 0.6875 0 282
0.96875 0.71875 0 283
0.96875 0.65625 0 284
1 0.6875 0 282


0.9375 0.5625 0 80
0.9375 0.625 0 285
0.90625 0.59375 0 287
0.9375 0.5625 0 80


0.9375 0.625 0 285
0.9375 0.6875 0 79
0.90625 0.65625 0 286
0.9375 0.625 0 285


0.90625 0.59375 0 287
0.90625 0.65625 0 286
0.875 0.625 0 26
0.90625 0.59375 0 287


0.9375 0.625 0 285
0.90625 0.65625 0 286
0.90625 0.59375 0 287
0.9375 0.625 0 285


1 0.625 0 78
0.96875 0.65625 0 284
0.96875 0.59375 0 280
1 0.625 0 78


0.96875 0.65625 0 284
0.9375 0.6875 0 79
0.9375 0.625 0 285
0.96875 0.65625 0 284


0.96875 0.59375 0 280
0.9375 0.625 0 285
0.9375 0.5625 0 80
0.96875 0.59375 0 280


0.96875 0.65625 0 284
0.9375 0.625 0 285
0.96875 0.59375 0 280
0.96875 0.65625 0 284


1 0.75 0 24
1 0.8125 0 288
0.96875 0.78125 0 290
1 0.75 0 24


1 0.8125 0 288
1 0.875 0 81
0.96875 0.84375 0 289
1 0.8125 0 288


0.96875 0.78125 0 290
0.96875 0.84375 0 289
0.9375 0.8125 0 83
0.96875 0.78125 0 290


1 0.8125 0 288
0.96875 0.84375 0 289
0.96875 0.78125 0 290
1 0.8125 0 288


1 0.875 0 81
1 0.9375 0 291
0.96875 0.90625 0 293
1 0.875 0 81


1 0.9375 0 291
1 1 0 2
0.96875 0.96875 0 292
1 0.9375 0 291


0.96875 0.90625 0 293
0.96875 0.96875 0 292
0.9375 0.9375 0 82
0.96875 0.90625 0 293


1 0.9375 0 291
0.96875 0.96875 0 292
0.96875 0.90625 0 293
1 0.9375 0 291


0.9375 0.8125 0 83
0.9375 0.875 0 294
0.90625 0.84375 0 296
0.9375 0.8125 0 83


0.9375 0.875 0 294
0.9375 0.9375 0 82
0.90625 0.90625 0 295
0.9375 0.875 0 294


0.90625 0.84375 0 296
0.90625 0.90625 0 295
0.875 0.875 0 25
0.90625 0.84375 0 296


0.9375 0.875 0 294
0.90625 0.90625 0 295
0.90625 0.84375 0 296
0.9375 0.875 0 294


1 0.875 0 81
0.96875 0.90625 0 293
0.96875 0.84375 0 289
1 0.875 0 81


0.96875 0.90625 0 293
0.9375 0.9375 0 82
0.9375 0.875 0 294
0.96875 0.90625 0 293


0.96875 0.84375 0 289
0.9375 0.875 0 294
0.9375 0.8125 0 83
0.96875 0.84375 0 289


0.96875 0.90625 0 293
0.9375 0.875 0 294
0.96875 0.84375 0 289
0.96875 0.90625 0 293


0.875 0.625 0 26
0.875 0.6875 0 297
0.84375 0.65625 0 299
0.875 0.625 0 26


0.875 0.6875 0 297
0.875 0.75 0 84
0.84375 0.71875 0 298
0.875 0.6875 0 297


0.84375 0.65625 0 299
0.84375 0.71875 0 298
0.8125 0.6875 0 86
0.84375 0.65625 0 299


0.875 0.6875 0 297
0.84375 0.71875 0 298
0.84375 0.65625 0 299
0.875 0.6875 0 297


0.875 0.75 0 84
0.875 0.8125 0 300
0.84375 0.78125 0 302
0.875 0.75 0 84


0.875 0.8125 0 300
0.875 0.875 0 25
0.84375 0.84375 0 301
0.875 0.8125 0 300


0.84375 0.78125 0 302
0.84375 0.84375 0 301
0.8125 0.8125 0 85
0.84375 0.78125 0 302


0.875 0.8125 0 300
0.84375 0.84375 0 301
0.84375 0.78125 0 302
0.875 0.8125 0 300


0.8125 0.6875 0 86
0.8125 0.75 0 303
0.78125 0.71875 0 305
0.8125 0.6875 0 86


0.8125 0.75 0 303
0.8125 0.8125 0 85
0.78125 0.78125 0 304
0.8125 0.75 0 303


0.78125 0.71875 0 305
0.78125 0.78125 0 304
0.75 0.75 0 9
0.78125 0.71875 0 305


0.8125 0.75 0 303
0.78125 0.78125 0 304
0.78125 0.71875 0 305
0.8125 0.75 0 303


0.875 0.75 0 84
0.84375 0.78125 0 302
0.84375 0.71875 0 298
0.875 0.75 0 84


0.84375 0.78125 0 302
0.8125 0.8125 0 85
0.8125 0.75 0 303
0.84375 0.78125 0 302


0.84375 0.71875 0 298
0.8125 0.75 0 303
0.8125 0.6875 0 86
0.84375 0.71875 0 298


0.84375 0.78125 0 302
0.8125 0.75 0 303
0.84375 0.71875 0 298
0.84375 0.78125 0 302


1 0.75 0 24
0.96875 0.78125 0 290
0.96875 0.71875 0 283
1 0.75 0 24


0.96875 0.78125 0 290
0.9375 0.8125 0 83
0.9375 0.75 0 306
0.96875 0.78125 0 290


0.96875 0.71875 0 283
0.9375 0.75 0 306
0.9375 0.6875 0 79
0.96875 0.71875 0 283


0.96875 0.78125 0 290
0.9375 0.75 0 306
0.96875 0.71875 0 283
0.96875 0.78125 0 290


0.9375 0.8125 0 83
0.90625 0.84375 0 296
0.90625 0.78125 0 307
0.9375 0.8125 0 83


0.90625 0.84375 0 296
0.875 0.875 0 25
0.875 0.8125 0 300
0.90625 0.84375 0 296


0.90625 0.78125 0 307
0.875 0.8125 0 300
0.875 0.75 0 84
0.90625 0.78125 0 307


0.90625 0.84375 0 296
0.875 0.8125 0 300
0.90625 0.78125 0 307
0.90625 0.84375 0 296


0.9375 0.6875 0 79
0.90625 0.71875 0 308
0.90625 0.65625 0 286
0.9375 0.6875 0 79


0.90625 0.71875 0 308
0.875 0.75 0 84
0.875 0.6875 0 297
0.90625 0.71875 0 308


0.90625 0.65625 0 286
0.875 0.6875 0 297
0.875 0.625 0 26
0.90625 0.65625 0 286


0.90625 0.71875 0 308
0.875 0.6875 0 297
0.90625 0.65625 0 286
0.90625 0.71875 0 308


0.9375 0.8125 0 83
0.90625 0.78125 0 307
0.9375 0.75 0 306
0.9375 0.8125 0 83


0.90625 0.78125 0 307
0.875 0.75 0 84
0.90625 0.71875 0 308
0.90625 0.78125 0 307


0.9375 0.75 0 306
0.90625 0.71875 0 308
0.9375 0.6875 0 79
0.9375 0.75 0 306


0.90625 0.78125 0 307
0.90625 0.71875 0 308
0.9375 0.75 0 306
0.90625 0.78125 0 307


0.75 0.25 0 6
0.75 0.3125 0 309
0.71875 0.28125 0 218
0.75 0.25 0 6


0.75 0.3125 0 309
0.75 0.375 0 87
0.71875 0.34375 0 310
0.75 0.3125 0 309


0.71875 0.28125 0 218
0.71875 0.34375 0 310
0.6875 0.3125 0 63
0.71875 0.28125 0 218


0.75 0.3125 0 309
0.71875 0.34375 0 310
0.71875 0.28125 0 218
0.75 0.3125 0 309


0.75 0.375 0 87
0.75 0.4375 0 311
0.71875 0.40625 0 313
0.75 0.375 0 87


0.75 0.4375 0 311
0.75 0.5 0 27
0.71875 0.46875 0 312
0.75 0.4375 0 311


0.71875 0.40625 0 313
0.71875 0.46875 0 312
0.6875 0.4375 0 88
0.71875 0.40625 0 313


0.75 0.4375 0 311
0.71875 0.46875 0 312
0.71875 0.40625 0 313
0.75 0.4375 0 311


0.6875 0.3125 0 63
0.6875 0.375 0 314
0.65625 0.34375 0 221
0.6875 0.3125 0 63


0.6875 0.375 0 314
0.6875 0.4375 0 88
0.65625 0.40625 0 315
0.6875 0.375 0 314


0.65625 0.34375 0 221
0.65625 0.40625 0 315
0.625 0.375 0 20
0.65625 0.34375 0 221


0.6875 0.375 0 314
0.65625 0.40625 0 315
0.65625 0.34375 0 221
0.6875 0.375 0 314


0.75 0.375 0 87
0.71875 0.40625 0 313
0.71875 0.34375 0 310
0.75 0.375 0 87


0.71875 0.40625 0 313
0.6875 0.4375 0 88
0.6875 0.375 0 314
0.71875 0.40625 0 313


0.71875 0.34375 0 310
0.6875 0.375 0 314
0.6875 0.3125 0 63
0.71875 0.34375 0 310


0.71875 0.40625 0 313
0.6875 0.375 0 314
0.71875 0.34375 0 310
0.71875 0.40625 0 313


0.75 0.5 0 27
0.75 0.5625 0 316
0.71875 0.53125 0 318
0.75 0.5 0 27


0.75 0.5625 0 316
0.75 0.625 0 89
0.71875 0.59375 0 317
0.75 0.5625 0 316


0.71875 0.53125 0 318
0.71875 0.59375 0 317
0.6875 0.5625 0 91
0.71875 0.53125 0 318


0.75 0.5625 0 316
0.71875 0.59375 0 317
0.71875 0.53125 0 318
0.75 0.5625 0 316


0.75 0.625 0 89
0.75 0.6875 0 319
0.71875 0.65625 0 321
0.75 0.625 0 89


0.75 0.6875 0 319
0.75 0.75 0 9
0.71875 0.71875 0 320
0.75 0.6875 0 319


0.71875 0.65625 0 321
0.71875 0.71875 0 320
0.6875 0.6875 0 90
0.71875 0.65625 0 321


0.75 0.6875 0 319
0.71875 0.71875 0 320
0.71875 0.65625 0 321
0.75 0.6875 0 319


0.6875 0.5625 0 91
0.6875 0.625 0 322
0.65625 0.59375 0 324
0.6875 0.5625 0 91


0.6875 0.625 0 322
0.6875 0.6875 0 90
0.65625 0.65625 0 323
0.6875 0.625 0 322


0.65625 0.59375 0 324
0.65625 0.65625 0 323
0.625 0.625 0 28
0.65625 0.59375 0 324


0.6875 0.625 0 322
0.65625 0.65625 0 323
0.65625 0.59375 0 324
0.6875 0.625 0 322


0.75 0.625 0 89
0.71875 0.65625 0 321
0.71875 0.59375 0 317
0.75 0.625 0 89


0.71875 0.65625 0 321
0.6875 0.6875 0 90
0.6875 0.625 0 322
0.71875 0.65625 0 321


0.71875 0.59375 0 317
0.6875 0.625 0 322
0.6875 0.5625 0 91
0.71875 0.59375 0 317


0.71875 0.65625 0 321
0.6875 0.625 0 322
0.71875 0.59375 0 317
0.71875 0.65625 0 321


0.625 0.375 0 20
0.625 0.4375 0 325
0.59375 0.40625 0 227
0.625 0.375 0 20


0.625 0.4375 0 325
0.625 0.5 0 92
0.59375 0.46875 0 326
0.625 0.4375 0 325


0.59375 0.40625 0 227
0.59375 0.46875 0 326
0.5625 0.4375 0 66
0.59375 0.40625 0 227


0.625 0.4375 0 325
0.59375 0.46875 0 326
0.59375 0.40625 0 227
0.625 0.4375 0 325


0.625 0.5 0 92
0.625 0.5625 0 327
0.59375 0.53125 0 329
0.625 0.5 0 92


0.625 0.5625 0 327
0.625 0.625 0 28
0.59375 0.59375 0 328
0.625 0.5625 0 327


0.59375 0.53125 0 329
0.59375 0.59375 0 328
0.5625 0.5625 0 93
0.59375 0.53125 0 329


0.625 0.5625 0 327
0.59375 0.59375 0 328
0.59375 0.53125 0 329
0.625 0.5625 0 327


0.5625 0.4375 0 66
0.5625 0.5 0 330
0.53125 0.46875 0 230
0.5625 0.4375 0 66


0.5625 0.5 0 330
0.5625 0.5625 0 93
0.53125 0.53125 0 331
0.5625 0.5 0 330


0.53125 0.46875 0 230
0.53125 0.53125 0 331
0.5 0.5 0 4
0.53125 0.46875 0 230


0.5625 0.5 0 330
0.53125 0.53125 0 331
0.53125 0.46875 0 230
0.5625 0.5 0 330


0.625 0.5 0 92
0.59375 0.53125 0 329
0.59375 0.46875 0 326
0.625 0.5 0 92


0.59375 0.53125 0 329
0.5625 0.5625 0 93
0.5625 0.5 0 330
0.59375 0.53125 0 329


0.59375 0.46875 0 326
0.5625 0.5 0 330
0.5625 0.4375 0 66
0.59375 0.46875 0 326


0.59375 0.53125 0 329
0.5625 0.5 0 330
0.59375 0.46875 0 326
0.59375 0.53125 0 329


0.75 0.5 0 27
0.71875 0.53125 0 318
0.71875 0.46875 0 312
0.75 0.5 0 27


0.71875 0.53125 0 318
0.6875 0.5625 0 91
0.6875 0.5 0 332
0.71875 0.53125 0 318


0.71875 0.46875 0 312
0.6875 0.5 0 332
0.6875 0.4375 0 88
0.71875 0.46875 0 312


0.71875 0.53125 0 318
0.6875 0.5 0 332
0.71875 0.46875 0 312
0.71875 0.53125 0 318


0.6875 0.5625 0 91
0.65625 0.59375 0 324
0.65625 0.53125 0 333
0.6875 0.5625 0 91


0.65625 0.59375 0 324
0.625 0.625 0 28
0.625 0.5625 0 327
0.65625 0.59375 0 324


0.65625 0.53125 0 333
0.625 0.5625 0 327
0.625 0.5 0 92
0.65625 0.53125 0 333


0.65625 0.59375 0 324
0.625 0.5625 0 327
0.65625 0.53125 0 333
0.65625 0.59375 0 324


0.6875 0.4375 0 88
0.65625 0.46875 0 334
0.65625 0.40625 0 315
0.6875 0.4375 0 88


0.65625 0.46875 0 334
0.625 0.5 0 92
0.625 0.4375 0 325
0.65625 0.46875 0 334


0.65625 0.40625 0 315
0.625 0.4375 0 325
0.625 0.375 0 20
0.65625 0.40625 0 315


0.65625 0.46875 0 334
0.625 0.4375 0 325
0.65625 0.40625 0 315
0.65625 0.46875 0 334


0.6875 0.5625 0 91
0.65625 0.53125 0 333
0.6875 0.5 0 332
0.6875 0.5625 0 91


0.65625 0.53125 0 333
0.625 0.5 0 92
0.65625 0.46875 0 334
0.65625 0.53125 0 333


0.6875 0.5 0 332
0.65625 0.46875 0 334
0.6875 0.4375 0 88
0.6875 0.5 0 332


0.65625 0.53125 0 333
0.65625 0.46875 0 334
0.6875 0.5 0 332
0.65625 0.53125 0 333


1 0.5 0 8
0.96875 0.53125 0 281
0.96875 0.46875 0 264
1 0.5 0 8


0.96875 0.53125 0 281
0.9375 0.5625 0 80
0.9375 0.5 0 335
0.96875 0.53125 0 281


0.96875 0.46875 0 264
0.9375 0.5 0 335
0.9375 0.4375 0 74
0.96875 0.46875 0 264


0.96875 0.53125 0 281
0.9375 0.5 0 335
0.96875 0.46875 0 264
0.96875 0.53125 0 281


0.9375 0.5625 0 80
0.90625 0.59375 0 287
0.90625 0.53125 0 337
0.9375 0.5625 0 80


0.90625 0.59375 0 287
0.875 0.625 0 26
0.875 0.5625 0 336
0.90625 0.59375 0 287


0.90625 0.53125 0 337
0.875 0.5625 0 336
0.875 0.5 0 94
0.90625 0.53125 0 337


0.90625 0.59375 0 287
0.875 0.5625 0 336
0.90625 0.53125 0 337
0.90625 0.59375 0 287


0.9375 0.4375 0 74
0.90625 0.46875 0 338
0.90625 0.40625 0 267
0.9375 0.4375 0 74


0.90625 0.46875 0 338
0.875 0.5 0 94
0.875 0.4375 0 339
0.90625 0.46875 0 338


0.90625 0.40625 0 267
0.875 0.4375 0 339
0.875 0.375 0 23
0.90625 0.40625 0 267


0.90625 0.46875 0 338
0.875 0.4375 0 339
0.90625 0.40625 0 267
0.90625 0.46875 0 338


0.9375 0.5625 0 80
0.90625 0.53125 0 337
0.9375 0.5 0 335
0.9375 0.5625 0 80


0.90625 0.53125 0 337
0.875 0.5 0 94
0.90625 0.46875 0 338
0.90625 0.53125 0 337


0.9375 0.5 0 335
0.90625 0.46875 0 338
0.9375 0.4375 0 74
0.9375 0.5 0 335


0.90625 0.53125 0 337
0.90625 0.46875 0 338
0.9375 0.5 0 335
0.90625 0.53125 0 337


0.875 0.625 0 26
0.84375 0.65625 0 299
0.84375 0.59375 0 341
0.875 0.625 0 26


0.84375 0.65625 0 299
0.8125 0.6875 0 86
0.8125 0.625 0 340
0.84375 0.65625 0 299


0.84375 0.59375 0 341
0.8125 0.625 0 340
0.8125 0.5625 0 95
0.84375 0.59375 0 341


0.84375 0.65625 0 299
0.8125 0.625 0 340
0.84375 0.59375 0 341
0.84375 0.65625 0 299


0.8125 0.6875 0 86
0.78125 0.71875 0 305
0.78125 0.65625 0 342
0.8125 0.6875 0 86


0.78125 0.71875 0 305
0.75 0.75 0 9
0.75 0.6875 0 319
0.78125 0.71875 0 305


0.78125 0.65625 0 342
0.75 0.6875 0 319
0.75 0.625 0 89
0.78125 0.65625 0 342


0.78125 0.71875 0 305
0.75 0.6875 0 319
0.78125 0.65625 0 342
0.78125 0.71875 0 305


0.8125 0.5625 0 95
0.78125 0.59375 0 343
0.78125 0.53125 0 344
0.8125 0.5625 0 95


0.78125 0.59375 0 343
0.75 0.625 0 89
0.75 0.5625 0 316
0.78125 0.59375 0 343


0.78125 0.53125 0 344
0.75 0.5625 0 316
0.75 0.5 0 27
0.78125 0.53125 0 344


0.78125 0.59375 0 343
0.75 0.5625 0 316
0.78125 0.53125 0 344
0.78125 0.59375 0 343


0.8125 0.6875 0 86
0.78125 0.65625 0 342
0.8125 0.625 0 340
0.8125 0.6875 0 86


0.78125 0.65625 0 342
0.75 0.625 0 89
0.78125 0.59375 0 343
0.78125 0.65625 0 342


0.8125 0.625 0 340
0.78125 0.59375 0 343
0.8125 0.5625 0 95
0.8125 0.625 0 340


0.78125 0.65625 0 342
0.78125 0.59375 0 343
0.8125 0.625 0 340
0.78125 0.65625 0 342


0.875 0.375 0 23
0.84375 0.40625 0 345
0.84375 0.34375 0 272
0.875 0.375 0 23


0.84375 0.40625 0 345
0.8125 0.4375 0 96
0.8125 0.375 0 346
0.84375 0.40625 0 345


0.84375 0.34375 0 272
0.8125 0.375 0 346
0.8125 0.3125 0 77
0.84375 0.34375 0 272


0.84375 0.40625 0 345
0.8125 0.375 0 346
0.84375 0.34375 0 272
0.84375 0.40625 0 345


0.8125 0.4375 0 96
0.78125 0.46875 0 347
0.78125 0.40625 0 348
0.8125 0.4375 0 96


0.78125 0.46875 0 347
0.75 0.5 0 27
0.75 0.4375 0 311
0.78125 0.46875 0 347


0.78125 0.40625 0 348
0.75 0.4375 0 311
0.75 0.375 0 87
0.78125 0.40625 0 348


0.78125 0.46875 0 347
0.75 0.4375 0 311
0.78125 0.40625 0 348
0.78125 0.46875 0 347


0.8125 0.3125 0 77
0.78125 0.34375 0 349
0.78125 0.28125 0 275
0.8125 0.3125 0 77


0.78125 0.34375 0 349
0.75 0.375 0 87
0.75 0.3125 0 309
0.78125 0.34375 0 349


0.78125 0.28125 0 275
0.75 0.3125 0 309
0.75 0.25 0 6
0.78125 0.28125 0 275


0.78125 0.34375 0 349
0.75 0.3125 0 309
0.78125 0.28125 0 275
0.78125 0.34375 0 349


0.8125 0.4375 0 96
0.78125 0.40625 0 348
0.8125 0.375 0 346
0.8125 0.4375 0 96


0.78125 0.40625 0 348
0.75 0.375 0 87
0.78125 0.34375 0 349
0.78125 0.40625 0 348


0.8125 0.375 0 346
0.78125 0.34375 0 349
0.8125 0.3125 0 77
0.8125 0.375 0 346


0.78125 0.40625 0 348
0.78125 0.34375 0 349
0.8125 0.375 0 346
0.78125 0.40625 0 348


0.875 0.625 0 26
0.84375 0.59375 0 341
0.875 0.5625 0 336
0.875 0.625 0 26


0.84375 0.59375 0 341
0.8125 0.5625 0 95
0.84375 0.53125 0 350
0.84375 0.59375 0 341


0.875 0.5625 0 336
0.84375 0.53125 0 350
0.875 0.5 0 94
0.875 0.5625 0 336


0.84375 0.59375 0 341
0.84375 0.53125 0 350
0.875 0.5625 0 336
0.84375 0.59375 0 341


0.8125 0.5625 0 95
0.78125 0.53125 0 344
0.8125 0.5 0 351
0.8125 0.5625 0 95


0.78125 0.53125 0 344
0.75 0.5 0 27
0.78125 0.46875 0 347
0.78125 0.53125 0 344


0.8125 0.5 0 351
0.78125 0.46875 0 347
0.8125 0.4375 0 96
0.8125 0.5 0 351


0.78125 0.53125 0 344
0.78125 0.46875 0 347
0.8125 0.5 0 351
0.78125 0.53125 0 344


0.875 0.5 0 94
0.84375 0.46875 0 352
0.875 0.4375 0 339
0.875 0.5 0 94


0.84375 0.46875 0 352
0.8125 0.4375 0 96
0.84375 0.40625 0 345
0.84375 0.46875 0 352


0.875 0.4375 0 339
0.84375 0.40625 0 345
0.875 0.375 0 23
0.875 0.4375 0 339


0.84375 0.46875 0 352
0.84375 0.40625 0 345
0.875 0.4375 0 339
0.84375 0.46875 0 352


0.8125 0.5625 0 95
0.8125 0.5 0 351
0.84375 0.53125 0 350
0.8125 0.5625 0 95


0.8125 0.5 0 351
0.8125 0.4375 0 96
0.84375 0.46875 0 352
0.8125 0.5 0 351


0.84375 0.53125 0 350
0.84375 0.46875 0 352
0.875 0.5 0 94
0.84375 0.53125 0 350


0.8125 0.5 0 351
0.84375 0.46875 0 352
0.84375 0.53125 0 350
0.8125 0.5 0 351


0.5 0.5 0 4
0.53125 0.53125 0 331
0.46875 0.53125 0 354
0.5 0.5 0 4


0.53125 0.53125 0 331
0.5625 0.5625 0 93
0.5 0.5625 0 353
0.53125 0.53125 0 331


0.46875 0.53125 0 354
0.5 0.5625 0 353
0.4375 0.5625 0 98
0.46875 0.53125 0 354


0.53125 0.53125 0 331
0.5 0.5625 0 353
0.46875 0.53125 0 354
0.53125 0.53125 0 331


0.5625 0.5625 0 93
0.59375 0.59375 0 328
0.53125 0.59375 0 356
0.5625 0.5625 0 93


0.59375 0.59375 0 328
0.625 0.625 0 28
0.5625 0.625 0 355
0.59375 0.59375 0 328


0.53125 0.59375 0 356
0.5625 0.625 0 355
0.5 0.625 0 97
0.53125 0.59375 0 356


0.59375 0.59375 0 328
0.5625 0.625 0 355
0.53125 0.59375 0 356
0.59375 0.59375 0 328


0.4375 0.5625 0 98
0.46875 0.59375 0 357
0.40625 0.59375 0 359
0.4375 0.5625 0 98


0.46875 0.59375 0 357
0.5 0.625 0 97
0.4375 0.625 0 358
0.46875 0.59375 0 357


0.40625 0.59375 0 359
0.4375 0.625 0 358
0.375 0.625 0 30
0.40625 0.59375 0 359


0.46875 0.59375 0 357
0.4375 0.625 0 358
0.40625 0.59375 0 359
0.46875 0.59375 0 357


0.5625 0.5625 0 93
0.53125 0.59375 0 356
0.5 0.5625 0 353
0.5625 0.5625 0 93


0.53125 0.59375 0 356
0.5 0.625 0 97
0.46875 0.59375 0 357
0.53125 0.59375 0 356


0.5 0.5625 0 353
0.46875 0.59375 0 357
0.4375 0.5625 0 98
0.5 0.5625 0 353


0.53125 0.59375 0 356
0.46875 0.59375 0 357
0.5 0.5625 0 353
0.53125 0.59375 0 356


0.625 0.625 0 28
0.65625 0.65625 0 323
0.59375 0.65625 0 361
0.625 0.625 0 28


0.65625 0.65625 0 323
0.6875 0.6875 0 90
0.625 0.6875 0 360
0.65625 0.65625 0 323


0.59375 0.65625 0 361
0.625 0.6875 0 360
0.5625 0.6875 0 100
0.59375 0.65625 0 361


0.65625 0.65625 0 323
0.625 0.6875 0 360
0.59375 0.65625 0 361
0.65625 0.65625 0 323


0.6875 0.6875 0 90
0.71875 0.71875 0 320
0.65625 0.71875 0 363
0.6875 0.6875 0 90


0.71875 0.71875 0 320
0.75 0.75 0 9
0.6875 0.75 0 362
0.71875 0.71875 0 320


0.65625 0.71875 0 363
0.6875 0.75 0 362
0.625 0.75 0 99
0.65625 0.71875 0 363


0.71875 0.71875 0 320
0.6875 0.75 0 362
0.65625 0.71875 0 363
0.71875 0.71875 0 320


0.5625 0.6875 0 100
0.59375 0.71875 0 364
0.53125 0.71875 0 366
0.5625 0.6875 0 100


0.59375 0.71875 0 364
0.625 0.75 0 99
0.5625 0.75 0 365
0.59375 0.71875 0 364


0.53125 0.71875 0 366
0.5625 0.75 0 365
0.5 0.75 0 29
0.53125 0.71875 0 366


0.59375 0.71875 0 364
0.5625 0.75 0 365
0.53125 0.71875 0 366
0.59375 0.71875 0 364


0.6875 0.6875 0 90
0.65625 0.71875 0 363
0.625 0.6875 0 360
0.6875 0.6875 0 90


0.65625 0.71875 0 363
0.625 0.75 0 99
0.59375 0.71875 0 364
0.65625 0.71875 0 363


0.625 0.6875 0 360
0.59375 0.71875 0 364
0.5625 0.6875 0 100
0.625 0.6875 0 360


0.65625 0.71875 0 363
0.59375 0.71875 0 364
0.625 0.6875 0 360
0.65625 0.71875 0 363


0.375 0.625 0 30
0.40625 0.65625 0 367
0.34375 0.65625 0 369
0.375 0.625 0 30


0.40625 0.65625 0 367
0.4375 0.6875 0 101
0.375 0.6875 0 368
0.40625 0.65625 0 367


0.34375 0.65625 0 369
0.375 0.6875 0 368
0.3125 0.6875 0 103
0.34375 0.65625 0 369


0.40625 0.65625 0 367
0.375 0.6875 0 368
0.34375 0.65625 0 369
0.40625 0.65625 0 367


0.4375 0.6875 0 101
0.46875 0.71875 0 370
0.40625 0.71875 0 372
0.4375 0.6875 0 101


0.46875 0.71875 0 370
0.5 0.75 0 29
0.4375 0.75 0 371
0.46875 0.71875 0 370


0.40625 0.71875 0 372
0.4375 0.75 0 371
0.375 0.75 0 102
0.40625 0.71875 0 372


0.46875 0.71875 0 370
0.4375 0.75 0 371
0.40625 0.71875 0 372
0.46875 0.71875 0 370


0.3125 0.6875 0 103
0.34375 0.71875 0 373
0.28125 0.71875 0 375
0.3125 0.6875 0 103


0.34375 0.71875 0 373
0.375 0.75 0 102
0.3125 0.75 0 374
0.34375 0.71875 0 373


0.28125 0.71875 0 375
0.3125 0.75 0 374
0.25 0.75 0 11
0.28125 0.71875 0 375


0.34375 0.71875 0 373
0.3125 0.75 0 374
0.28125 0.71875 0 375
0.34375 0.71875 0 373


0.4375 0.6875 0 101
0.40625 0.71875 0 372
0.375 0.6875 0 368
0.4375 0.6875 0 101


0.40625 0.71875 0 372
0.375 0.75 0 102
0.34375 0.71875 0 373
0.40625 0.71875 0 372


0.375 0.6875 0 368
0.34375 0.71875 0 373
0.3125 0.6875 0 103
0.375 0.6875 0 368


0.40625 0.71875 0 372
0.34375 0.71875 0 373
0.375 0.6875 0 368
0.40625 0.71875 0 372


0.625 0.625 0 28
0.59375 0.65625 0 361
0.5625 0.625 0 355
0.625 0.625 0 28


0.59375 0.65625 0 361
0.5625 0.6875 0 100
0.53125 0.65625 0 376
0.59375 0.65625 0 361


0.5625 0.625 0 355
0.53125 0.65625 0 376
0.5 0.625 0 97
0.5625 0.625 0 355


0.59375 0.65625 0 361
0.53125 0.65625 0 376
0.5625 0.625 0 355
0.59375 0.65625 0 361


0.5625 0.6875 0 100
0.53125 0.71875 0 366
0.5 0.6875 0 377
0.5625 0.6875 0 100


0.53125 0.71875 0 366
0.5 0.75 0 29
0.46875 0.71875 0 370
0.53125 0.71875 0 366


0.5 0.6875 0 377
0.46875 0.71875 0 370
0.4375 0.6875 0 101
0.5 0.6875 0 377


0.53125 0.71875 0 366
0.46875 0.71875 0 370
0.5 0.6875 0 377
0.53125 0.71875 0 366


0.5 0.625 0 97
0.46875 0.65625 0 378
0.4375 0.625 0 358
0.5 0.625 0 97


0.46875 0.65625 0 378
0.4375 0.6875 0 101
0.40625 0.65625 0 367
0.46875 0.65625 0 378


0.4375 0.625 0 358
0.40625 0.65625 0 367
0.375 0.625 0 30
0.4375 0.625 0 358


0.46875 0.65625 0 378
0.40625 0.65625 0 367
0.4375 0.625 0 358
0.46875 0.65625 0 378


0.5625 0.6875 0 100
0.5 0.6875 0 377
0.53125 0.65625 0 376
0.5625 0.6875 0 100


0.5 0.6875 0 377
0.4375 0.6875 0 101
0.46875 0.65625 0 378
0.5 0.6875 0 377


0.53125 0.65625 0 376
0.46875 0.65625 0 378
0.5 0.625 0 97
0.53125 0.65625 0 376


0.5 0.6875 0 377
0.46875 0.65625 0 378
0.53125 0.65625 0 376
0.5 0.6875 0 377


0.75 0.75 0 9
0.78125 0.78125 0 304
0.71875 0.78125 0 380
0.75 0.75 0 9


0.78125 0.78125 0 304
0.8125 0.8125 0 85
0.75 0.8125 0 379
0.78125 0.78125 0 304


0.71875 0.78125 0 380
0.75 0.8125 0 379
0.6875 0.8125 0 105
0.71875 0.78125 0 380


0.78125 0.78125 0 304
0.75 0.8125 0 379
0.71875 0.78125 0 380
0.78125 0.78125 0 304


0.8125 0.8125 0 85
0.84375 0.84375 0 301
0.78125 0.84375 0 382
0.8125 0.8125 0 85


0.84375 0.84375 0 301
0.875 0.875 0 25
0.8125 0.875 0 381
0.84375 0.84375 0 301


0.78125 0.84375 0 382
0.8125 0.875 0 381
0.75 0.875 0 104
0.78125 0.84375 0 382


0.84375 0.84375 0 301
0.8125 0.875 0 381
0.78125 0.84375 0 382
0.84375 0.84375 0 301


0.6875 0.8125 0 105
0.71875 0.84375 0 383
0.65625 0.84375 0 385
0.6875 0.8125 0 105


0.71875 0.84375 0 383
0.75 0.875 0 104
0.6875 0.875 0 384
0.71875 0.84375 0 383


0.65625 0.84375 0 385
0.6875 0.875 0 384
0.625 0.875 0 32
0.65625 0.84375 0 385


0.71875 0.84375 0 383
0.6875 0.875 0 384
0.65625 0.84375 0 385
0.71875 0.84375 0 383


0.8125 0.8125 0 85
0.78125 0.84375 0 382
0.75 0.8125 0 379
0.8125 0.8125 0 85


0.78125 0.84375 0 382
0.75 0.875 0 104
0.71875 0.84375 0 383
0.78125 0.84375 0 382


0.75 0.8125 0 379
0.71875 0.84375 0 383
0.6875 0.8125 0 105
0.75 0.8125 0 379


0.78125 0.84375 0 382
0.71875 0.84375 0 383
0.75 0.8125 0 379
0.78125 0.84375 0 382


0.875 0.875 0 25
0.90625 0.90625 0 295
0.84375 0.90625 0 387
0.875 0.875 0 25


0.90625 0.90625 0 295
0.9375 0.9375 0 82
0.875 0.9375 0 386
0.90625 0.90625 0 295


0.84375 0.90625 0 387
0.875 0.9375 0 386
0.8125 0.9375 0 107
0.84375 0.90625 0 387


0.90625 0.90625 0 295
0.875 0.9375 0 386
0.84375 0.90625 0 387
0.90625 0.90625 0 295


0.9375 0.9375 0 82
0.96875 0.96875 0 292
0.90625 0.96875 0 389
0.9375 0.9375 0 82


0.96875 0.96875 0 292
1 1 0 2
0.9375 1 0 388
0.96875 0.96875 0 292


0.90625 0.96875 0 389
0.9375 1 0 388
0.875 1 0 106
0.90625 0.96875 0 389


0.96875 0.96875 0 292
0.9375 1 0 388
0.90625 0.96875 0 389
0.96875 0.96875 0 292


0.8125 0.9375 0 107
0.84375 0.96875 0 390
0.78125 0.96875 0 392
0.8125 0.9375 0 107


0.84375 0.96875 0 390
0.875 1 0 106
0.8125 1 0 391
0.84375 0.96875 0 390


0.78125 0.96875 0 392
0.8125 1 0 391
0.75 1 0 31
0.78125 0.96875 0 392


0.84375 0.96875 0 390
0.8125 1 0 391
0.78125 0.96875 0 392
0.84375 0.96875 0 390


0.9375 0.9375 0 82
0.90625 0.96875 0 389
0.875 0.9375 0 386
0.9375 0.9375 0 82


0.90625 0.96875 0 389
0.875 1 0 106
0.84375 0.96875 0 390
0.90625 0.96875 0 389


0.875 0.9375 0 386
0.84375 0.96875 0 390
0.8125 0.9375 0 107
0.875 0.9375 0 386


0.90625 0.96875 0 389
0.84375 0.96875 0 390
0.875 0.9375 0 386
0.90625 0.96875 0 389


0.625 0.875 0 32
0.65625 0.90625 0 393
0.59375 0.90625 0 395
0.625 0.875 0 32


0.65625 0.90625 0 393
0.6875 0.9375 0 108
0.625 0.9375 0 394
0.65625 0.90625 0 393


0.59375 0.90625 0 395
0.625 0.9375 0 394
0.5625 0.9375 0 110
0.59375 0.90625 0 395


0.65625 0.90625 0 393
0.625 0.9375 0 394
0.59375 0.90625 0 395
0.65625 0.90625 0 393


0.6875 0.9375 0 108
0.71875 0.96875 0 396
0.65625 0.96875 0 398
0.6875 0.9375 0 108


0.71875 0.96875 0 396
0.75 1 0 31
0.6875 1 0 397
0.71875 0.96875 0 396


0.65625 0.96875 0 398
0.6875 1 0 397
0.625 1 0 109
0.65625 0.96875 0 398


0.71875 0.96875 0 396
0.6875 1 0 397
0.65625 0.96875 0 398
0.71875 0.96875 0 396


0.5625 0.9375 0 110
0.59375 0.96875 0 399
0.53125 0.96875 0 401
0.5625 0.9375 0 110


0.59375 0.96875 0 399
0.625 1 0 109
0.5625 1 0 400
0.59375 0.96875 0 399


0.53125 0.96875 0 401
0.5625 1 0 400
0.5 1 0 10
0.53125 0.96875 0 401


0.59375 0.96875 0 399
0.5625 1 0 400
0.53125 0.96875 0 401
0.59375 0.96875 0 399


0.6875 0.9375 0 108
0.65625 0.96875 0 398
0.625 0.9375 0 394
0.6875 0.9375 0 108


0.65625 0.96875 0 398
0.625 1 0 109
0.59375 0.96875 0 399
0.65625 0.96875 0 398


0.625 0.9375 0 394
0.59375 0.96875 0 399
0.5625 0.9375 0 110
0.625 0.9375 0 394


0.65625 0.96875 0 398
0.59375 0.96875 0 399
0.625 0.9375 0 394
0.65625 0.96875 0 398


0.875 0.875 0 25
0.84375 0.90625 0 387
0.8125 0.875 0 381
0.875 0.875 0 25


0.84375 0.90625 0 387
0.8125 0.9375 0 107
0.78125 0.90625 0 402
0.84375 0.90625 0 387


0.8125 0.875 0 381
0.78125 0.90625 0 402
0.75 0.875 0 104
0.8125 0.875 0 381


0.84375 0.90625 0 387
0.78125 0.90625 0 402
0.8125 0.875 0 381
0.84375 0.90625 0 387


0.8125 0.9375 0 107
0.78125 0.96875 0 392
0.75 0.9375 0 403
0.8125 0.9375 0 107


0.78125 0.96875 0 392
0.75 1 0 31
0.71875 0.96875 0 396
0.78125 0.96875 0 392


0.75 0.9375 0 403
0.71875 0.96875 0 396
0.6875 0.9375 0 108
0.75 0.9375 0 403


0.78125 0.96875 0 392
0.71875 0.96875 0 396
0.75 0.9375 0 403
0.78125 0.96875 0 392


0.75 0.875 0 104
0.71875 0.90625 0 404
0.6875 0.875 0 384
0.75 0.875 0 104


0.71875 0.90625 0 404
0.6875 0.9375 0 108
0.65625 0.90625 0 393
0.71875 0.90625 0 404


0.6875 0.875 0 384
0.65625 0.90625 0 393
0.625 0.875 0 32
0.6875 0.875 0 384


0.71875 0.90625 0 404
0.65625 0.90625 0 393
0.6875 0.875 0 384
0.71875 0.90625 0 404


0.8125 0.9375 0 107
0.75 0.9375 0 403
0.78125 0.90625 0 402
0.8125 0.9375 0 107


0.75 0.9375 0 403
0.6875 0.9375 0 108
0.71875 0.90625 0 404
0.75 0.9375 0 403


0.78125 0.90625 0 402
0.71875 0.90625 0 404
0.75 0.875 0 104
0.78125 0.90625 0 402


0.75 0.9375 0 403
0.71875 0.90625 0 404
0.78125 0.90625 0 402
0.75 0.9375 0 403


0.25 0.75 0 11
0.28125 0.78125 0 405
0.21875 0.78125 0 407
0.25 0.75 0 11


0.28125 0.78125 0 405
0.3125 0.8125 0 111
0.25 0.8125 0 406
0.28125 0.78125 0 405


0.21875 0.78125 0 407
0.25 0.8125 0 406
0.1875 0.8125 0 113
0.21875 0.78125 0 407


0.28125 0.78125 0 405
0.25 0.8125 0 406
0.21875 0.78125 0 407
0.28125 0.78125 0 405


0.3125 0.8125 0 111
0.34375 0.84375 0 408
0.28125 0.84375 0 410
0.3125 0.8125 0 111


0.34375 0.84375 0 408
0.375 0.875 0 33
0.3125 0.875 0 409
0.34375 0.84375 0 408


0.28125 0.84375 0 410
0.3125 0.875 0 409
0.25 0.875 0 112
0.28125 0.84375 0 410


0.34375 0.84375 0 408
0.3125 0.875 0 409
0.28125 0.84375 0 410
0.34375 0.84375 0 408


0.1875 0.8125 0 113
0.21875 0.84375 0 411
0.15625 0.84375 0 413
0.1875 0.8125 0 113


0.21875 0.84375 0 411
0.25 0.875 0 112
0.1875 0.875 0 412
0.21875 0.84375 0 411


0.15625 0.84375 0 413
0.1875 0.875 0 412
0.125 0.875 0 35
0.15625 0.84375 0 413


0.21875 0.84375 0 411
0.1875 0.875 0 412
0.15625 0.84375 0 413
0.21875 0.84375 0 411


0.3125 0.8125 0 111
0.28125 0.84375 0 410
0.25 0.8125 0 406
0.3125 0.8125 0 111


0.28125 0.84375 0 410
0.25 0.875 0 112
0.21875 0.84375 0 411
0.28125 0.84375 0 410


0.25 0.8125 0 406
0.21875 0.84375 0 411
0.1875 0.8125 0 113
0.25 0.8125 0 406


0.28125 0.84375 0 410
0.21875 0.84375 0 411
0.25 0.8125 0 406
0.28125 0.84375 0 410


0.375 0.875 0 33
0.40625 0.90625 0 414
0.34375 0.90625 0 416
0.375 0.875 0 33


0.40625 0.90625 0 414
0.4375 0.9375 0 114
0.375 0.9375 0 415
0.40625 0.90625 0 414


0.34375 0.90625 0 416
0.375 0.9375 0 415
0.3125 0.9375 0 116
0.34375 0.90625 0 416


0.40625 0.90625 0 414
0.375 0.9375 0 415
0.34375 0.90625 0 416
0.40625 0.90625 0 414


0.4375 0.9375 0 114
0.46875 0.96875 0 417
0.40625 0.96875 0 419
0.4375 0.9375 0 114


0.46875 0.96875 0 417
0.5 1 0 10
0.4375 1 0 418
0.46875 0.96875 0 417


0.40625 0.96875 0 419
0.4375 1 0 418
0.375 1 0 115
0.40625 0.96875 0 419


0.46875 0.96875 0 417
0.4375 1 0 418
0.40625 0.96875 0 419
0.46875 0.96875 0 417


0.3125 0.9375 0 116
0.34375 0.96875 0 420
0.28125 0.96875 0 422
0.3125 0.9375 0 116


0.34375 0.96875 0 420
0.375 1 0 115
0.3125 1 0 421
0.34375 0.96875 0 420


0.28125 0.96875 0 422
0.3125 1 0 421
0.25 1 0 34
0.28125 0.96875 0 422


0.34375 0.96875 0 420
0.3125 1 0 421
0.28125 0.96875 0 422
0.34375 0.96875 0 420


0.4375 0.9375 0 114
0.40625 0.96875 0 419
0.375 0.9375 0 415
0.4375 0.9375 0 114


0.40625 0.96875 0 419
0.375 1 0 115
0.34375 0.96875 0 420
0.40625 0.96875 0 419


0.375 0.9375 0 415
0.34375 0.96875 0 420
0.3125 0.9375 0 116
0.375 0.9375 0 415


0.40625 0.96875 0 419
0.34375 0.96875 0 420
0.375 0.9375 0 415
0.40625 0.96875 0 419


0.125 0.875 0 35
0.15625 0.90625 0 423
0.09375 0.90625 0 425
0.125 0.875 0 35


0.15625 0.90625 0 423
0.1875 0.9375 0 117
0.125 0.9375 0 424
0.15625 0.90625 0 423


0.09375 0.90625 0 425
0.125 0.9375 0 424
0.0625 0.9375 0 119
0.09375 0.90625 0 425


0.15625 0.90625 0 423
0.125 0.9375 0 424
0.09375 0.90625 0 425
0.15625 0.90625 0 423


0.1875 0.9375 0 117
0.21875 0.96875 0 426
0.15625 0.96875 0 428
0.1875 0.9375 0 117


0.21875 0.96875 0 426
0.25 1 0 34
0.1875 1 0 427
0.21875 0.96875 0 426


0.15625 0.96875 0 428
0.1875 1 0 427
0.125 1 0 118
0.15625 0.96875 0 428


0.21875 0.96875 0 426
0.1875 1 0 427
0.15625 0.96875 0 428
0.21875 0.96875 0 426


0.0625 0.9375 0 119
0.09375 0.96875 0 429
0.03125 0.96875 0 431
0.0625 0.9375 0 119


0.09375 0.96875 0 429
0.125 1 0 118
0.0625 1 0 430
0.09375 0.96875 0 429


0.03125 0.96875 0 431
0.0625 1 0 430
0 1 0 3
0.03125 0.96875 0 431


0.09375 0.96875 0 429
0.0625 1 0 430
0.03125 0.96875 0 431
0.09375 0.96875 0 429


0.1875 0.9375 0 117
0.15625 0.96875 0 428
0.125 0.9375 0 424
0.1875 0.9375 0 117


0.15625 0.96875 0 428
0.125 1 0 118
0.09375 0.96875 0 429
0.15625 0.96875 0 428


0.125 0.9375 0 424
0.09375 0.96875 0 429
0.0625 0.9375 0 119
0.125 0.9375 0 424


0.15625 0.96875 0 428
0.09375 0.96875 0 429
0.125 0.9375 0 424
0.15625 0.96875 0 428


0.375 0.875 0 33
0.34375 0.90625 0 416
0.3125 0.875 0 409
0.375 0.875 0 33


0.34375 0.90625 0 416
0.3125 0.9375 0 116
0.28125 0.90625 0 432
0.34375 0.90625 0 416


0.3125 0.875 0 409
0.28125 0.90625 0 432
0.25 0.875 0 112
0.3125 0.875 0 409


0.34375 0.90625 0 416
0.28125 0.90625 0 432
0.3125 0.875 0 409
0.34375 0.90625 0 416


0.3125 0.9375 0 116
0.28125 0.96875 0 422
0.25 0.9375 0 433
0.3125 0.9375 0 116


0.28125 0.96875 0 422
0.25 1 0 34
0.21875 0.96875 0 426
0.28125 0.96875 0 422


0.25 0.9375 0 433
0.21875 0.96875 0 426
0.1875 0.9375 0 117
0.25 0.9375 0 433


0.28125 0.96875 0 422
0.21875 0.96875 0 426
0.25 0.9375 0 433
0.28125 0.96875 0 422


0.25 0.875 0 112
0.21875 0.90625 0 434
0.1875 0.875 0 412
0.25 0.875 0 112


0.21875 0.90625 0 434
0.1875 0.9375 0 117
0.15625 0.90625 0 423
0.21875 0.90625 0 434


0.1875 0.875 0 412
0.15625 0.90625 0 423
0.125 0.875 0 35
0.1875 0.875 0 412


0.21875 0.90625 0 434
0.15625 0.90625 0 423
0.1875 0.875 0 412
0.21875 0.90625 0 434


0.3125 0.9375 0 116
0.25 0.9375 0 433
0.28125 0.90625 0 432
0.3125 0.9375 0 116


0.25 0.9375 0 433
0.1875 0.9375 0 117
0.21875 0.90625 0 434
0.25 0.9375 0 433


0.28125 0.90625 0 432
0.21875 0.90625 0 434
0.25 0.875 0 112
0.28125 0.90625 0 432


0.25 0.9375 0 433
0.21875 0.90625 0 434
0.28125 0.90625 0 432
0.25 0.9375 0 433


0.75 0.75 0 9
0.71875 0.78125 0 380
0.6875 0.75 0 362
0.75 0.75 0 9


0.71875 0.78125 0 380
0.6875 0.8125 0 105
0.65625 0.78125 0 435
0.71875 0.78125 0 380


0.6875 0.75 0 362
0.65625 0.78125 0 435
0.625 0.75 0 99
0.6875 0.75 0 362


0.71875 0.78125 0 380
0.65625 0.78125 0 435
0.6875 0.75 0 362
0.71875 0.78125 0 380


0.6875 0.8125 0 105
0.65625 0.84375 0 385
0.625 0.8125 0 437
0.6875 0.8125 0 105


0.65625 0.84375 0 385
0.625 0.875 0 32
0.59375 0.84375 0 436
0.65625 0.84375 0 385


0.625 0.8125 0 437
0.59375 0.84375 0 436
0.5625 0.8125 0 120
0.625 0.8125 0 437


0.65625 0.84375 0 385
0.59375 0.84375 0 436
0.625 0.8125 0 437
0.65625 0.84375 0 385


0.625 0.75 0 99
0.59375 0.78125 0 438
0.5625 0.75 0 365
0.625 0.75 0 99


0.59375 0.78125 0 438
0.5625 0.8125 0 120
0.53125 0.78125 0 439
0.59375 0.78125 0 438


0.5625 0.75 0 365
0.53125 0.78125 0 439
0.5 0.75 0 29
0.5625 0.75 0 365


0.59375 0.78125 0 438
0.53125 0.78125 0 439
0.5625 0.75 0 365
0.59375 0.78125 0 438


0.6875 0.8125 0 105
0.625 0.8125 0 437
0.65625 0.78125 0 435
0.6875 0.8125 0 105


0.625 0.8125 0 437
0.5625 0.8125 0 120
0.59375 0.78125 0 438
0.625 0.8125 0 437


0.65625 0.78125 0 435
0.59375 0.78125 0 438
0.625 0.75 0 99
0.65625 0.78125 0 435


0.625 0.8125 0 437
0.59375 0.78125 0 438
0.65625 0.78125 0 435
0.625 0.8125 0 437


0.625 0.875 0 32
0.59375 0.90625 0 395
0.5625 0.875 0 441
0.625 0.875 0 32


0.59375 0.90625 0 395
0.5625 0.9375 0 110
0.53125 0.90625 0 440
0.59375 0.90625 0 395


0.5625 0.875 0 441
0.53125 0.90625 0 440
0.5 0.875 0 121
0.5625 0.875 0 441


0.59375 0.90625 0 395
0.53125 0.90625 0 440
0.5625 0.875 0 441
0.59375 0.90625 0 395


0.5625 0.9375 0 110
0.53125 0.96875 0 401
0.5 0.9375 0 442
0.5625 0.9375 0 110


0.53125 0.96875 0 401
0.5 1 0 10
0.46875 0.96875 0 417
0.53125 0.96875 0 401


0.5 0.9375 0 442
0.46875 0.96875 0 417
0.4375 0.9375 0 114
0.5 0.9375 0 442


0.53125 0.96875 0 401
0.46875 0.96875 0 417
0.5 0.9375 0 442
0.53125 0.96875 0 401


0.5 0.875 0 121
0.46875 0.90625 0 443
0.4375 0.875 0 444
0.5 0.875 0 121


0.46875 0.90625 0 443
0.4375 0.9375 0 114
0.40625 0.90625 0 414
0.46875 0.90625 0 443


0.4375 0.875 0 444
0.40625 0.90625 0 414
0.375 0.875 0 33
0.4375 0.875 0 444


0.46875 0.90625 0 443
0.40625 0.90625 0 414
0.4375 0.875 0 444
0.46875 0.90625 0 443


0.5625 0.9375 0 110
0.5 0.9375 0 442
0.53125 0.90625 0 440
0.5625 0.9375 0 110


0.5 0.9375 0 442
0.4375 0.9375 0 114
0.46875 0.90625 0 443
0.5 0.9375 0 442


0.53125 0.90625 0 440
0.46875 0.90625 0 443
0.5 0.875 0 121
0.53125 0.90625 0 440


0.5 0.9375 0 442
0.46875 0.90625 0 443
0.53125 0.90625 0 440
0.5 0.9375 0 442


0.5 0.75 0 29
0.46875 0.78125 0 445
0.4375 0.75 0 371
0.5 0.75 0 29


0.46875 0.78125 0 445
0.4375 0.8125 0 122
0.40625 0.78125 0 446
0.46875 0.78125 0 445


0.4375 0.75 0 371
0.40625 0.78125 0 446
0.375 0.75 0 102
0.4375 0.75 0 371


0.46875 0.78125 0 445
0.40625 0.78125 0 446
0.4375 0.75 0 371
0.46875 0.78125 0 445


0.4375 0.8125 0 122
0.40625 0.84375 0 447
0.375 0.8125 0 448
0.4375 0.8125 0 122


0.40625 0.84375 0 447
0.375 0.875 0 33
0.34375 0.84375 0 408
0.40625 0.84375 0 447


0.375 0.8125 0 448
0.34375 0.84375 0 408
0.3125 0.8125 0 111
0.375 0.8125 0 448


0.40625 0.84375 0 447
0.34375 0.84375 0 408
0.375 0.8125 0 448
0.40625 0.84375 0 447


0.375 0.75 0 102
0.34375 0.78125 0 449
0.3125 0.75 0 374
0.375 0.75 0 102


0.34375 0.78125 0 449
0.3125 0.8125 0 111
0.28125 0.78125 0 405
0.34375 0.78125 0 449


0.3125 0.75 0 374
0.28125 0.78125 0 405
0.25 0.75 0 11
0.3125 0.75 0 374


0.34375 0.78125 0 449
0.28125 0.78125 0 405
0.3125 0.75 0 374
0.34375 0.78125 0 449


0.4375 0.8125 0 122
0.375 0.8125 0 448
0.40625 0.78125 0 446
0.4375 0.8125 0 122


0.375 0.8125 0 448
0.3125 0.8125 0 111
0.34375 0.78125 0 449
0.375 0.8125 0 448


0.40625 0.78125 0 446
0.34375 0.78125 0 449
0.375 0.75 0 102
0.40625 0.78125 0 446


0.375 0.8125 0 448
0.34375 0.78125 0 449
0.40625 0.78125 0 446
0.375 0.8125 0 448


0.625 0.875 0 32
0.5625 0.875 0 441
0.59375 0.84375 0 436
0.625 0.875 0 32


0.5625 0.875 0 441
0.5 0.875 0 121
0.53125 0.84375 0 450
0.5625 0.875 0 441


0.59375 0.84375 0 436
0.53125 0.84375 0 450
0.5625 0.8125 0 120
0.59375 0.84375 0 436


0.5625 0.875 0 441
0.53125 0.84375 0 450
0.59375 0.84375 0 436
0.5625 0.875 0 441


0.5 0.875 0 121
0.4375 0.875 0 444
0.46875 0.84375 0 451
0.5 0.875 0 121


0.4375 0.875 0 444
0.375 0.875 0 33
0.40625 0.84375 0 447
0.4375 0.875 0 444


0.46875 0.84375 0 451
0.40625 0.84375 0 447
0.4375 0.8125 0 122
0.46875 0.84375 0 451


0.4375 0.875 0 444
0.40625 0.84375 0 447
0.46875 0.84375 0 451
0.4375 0.875 0 444


0.5625 0.8125 0 120
0.5 0.8125 0 452
0.53125 0.78125 0 439
0.5625 0.8125 0 120


0.5 0.8125 0 452
0.4375 0.8125 0 122
0.46875 0.78125 0 445
0.5 0.8125 0 452


0.53125 0.78125 0 439
0.46875 0.78125 0 445
0.5 0.75 0 29
0.53125 0.78125 0 439


0.5 0.8125 0 452
0.46875 0.78125 0 445
0.53125 0.78125 0 439
0.5 0.8125 0 452


0.5 0.875 0 121
0.46875 0.84375 0 451
0.53125 0.84375 0 450
0.5 0.875 0 121


0.46875 0.84375 0 451
0.4375 0.8125 0 122
0.5 0.8125 0 452
0.46875 0.84375 0 451


0.53125 0.84375 0 450
0.5 0.8125 0 452
0.5625 0.8125 0 120
0.53125 0.84375 0 450


0.46875 0.84375 0 451
0.5 0.8125 0 452
0.53125 0.84375 0 450
0.46875 0.84375 0 451


0 0 0 0
0.03125 0.03125 0 147
0 0.0625 0 454
0 0 0 0


0.03125 0.03125 0 147
0.0625 0.0625 0 43
0.03125 0.09375 0 453
0.03125 0.03125 0 147


0 0.0625 0 454
0.03125 0.09375 0 453
0 0.125 0 124
0 0.0625 0 454


0.03125 0.03125 0 147
0.03125 0.09375 0 453
0 0.0625 0 454
0.03125 0.03125 0 147


0.0625 0.0625 0 43
0.09375 0.09375 0 153
0.0625 0.125 0 456
0.0625 0.0625 0 43


0.09375 0.09375 0 153
0.125 0.125 0 13
0.09375 0.15625 0 455
0.09375 0.09375 0 153


0.0625 0.125 0 456
0.09375 0.15625 0 455
0.0625 0.1875 0 123
0.0625 0.125 0 456


0.09375 0.09375 0 153
0.09375 0.15625 0 455
0.0625 0.125 0 456
0.09375 0.09375 0 153


0 0.125 0 124
0.03125 0.15625 0 457
0 0.1875 0 459
0 0.125 0 124


0.03125 0.15625 0 457
0.0625 0.1875 0 123
0.03125 0.21875 0 458
0.03125 0.15625 0 457


0 0.1875 0 459
0.03125 0.21875 0 458
0 0.25 0 37
0 0.1875 0 459


0.03125 0.15625 0 457
0.03125 0.21875 0 458
0 0.1875 0 459
0.03125 0.15625 0 457


0.0625 0.0625 0 43
0.0625 0.125 0 456
0.03125 0.09375 0 453
0.0625 0.0625 0 43


0.0625 0.125 0 456
0.0625 0.1875 0 123
0.03125 0.15625 0 457
0.0625 0.125 0 456


0.03125 0.09375 0 453
0.03125 0.15625 0 457
0 0.125 0 124
0.03125 0.09375 0 453


0.0625 0.125 0 456
0.03125 0.15625 0 457
0.03125 0.09375 0 453
0.0625 0.125 0 456


0.125 0.125 0 13
0.15625 0.15625 0 165
0.125 0.1875 0 461
0.125 0.125 0 13


0.15625 0.15625 0 165
0.1875 0.1875 0 49
0.15625 0.21875 0 460
0.15625 0.15625 0 165


0.125 0.1875 0 461
0.15625 0.21875 0 460
0.125 0.25 0 126
0.125 0.1875 0 461


0.15625 0.15625 0 165
0.15625 0.21875 0 460
0.125 0.1875 0 461
0.15625 0.15625 0 165


0.1875 0.1875 0 49
0.21875 0.21875 0 171
0.1875 0.25 0 463
0.1875 0.1875 0 49


0.21875 0.21875 0 171
0.25 0.25 0 7
0.21875 0.28125 0 462
0.21875 0.21875 0 171


0.1875 0.25 0 463
0.21875 0.28125 0 462
0.1875 0.3125 0 125
0.1875 0.25 0 463


0.21875 0.21875 0 171
0.21875 0.28125 0 462
0.1875 0.25 0 463
0.21875 0.21875 0 171


0.125 0.25 0 126
0.15625 0.28125 0 464
0.125 0.3125 0 466
0.125 0.25 0 126


0.15625 0.28125 0 464
0.1875 0.3125 0 125
0.15625 0.34375 0 465
0.15625 0.28125 0 464


0.125 0.3125 0 466
0.15625 0.34375 0 465
0.125 0.375 0 36
0.125 0.3125 0 466


0.15625 0.28125 0 464
0.15625 0.34375 0 465
0.125 0.3125 0 466
0.15625 0.28125 0 464


0.1875 0.1875 0 49
0.1875 0.25 0 463
0.15625 0.21875 0 460
0.1875 0.1875 0 49


0.1875 0.25 0 463
0.1875 0.3125 0 125
0.15625 0.28125 0 464
0.1875 0.25 0 463


0.15625 0.21875 0 460
0.15625 0.28125 0 464
0.125 0.25 0 126
0.15625 0.21875 0 460


0.1875 0.25 0 463
0.15625 0.28125 0 464
0.15625 0.21875 0 460
0.1875 0.25 0 463


0 0.25 0 37
0.03125 0.28125 0 467
0 0.3125 0 469
0 0.25 0 37


0.03125 0.28125 0 467
0.0625 0.3125 0 127
0.03125 0.34375 0 468
0.03125 0.28125 0 467


0 0.3125 0 469
0.03125 0.34375 0 468
0 0.375 0 129
0 0.3125 0 469


0.03125 0.28125 0 467
0.03125 0.34375 0 468
0 0.3125 0 469
0.03125 0.28125 0 467


0.0625 0.3125 0 127
0.09375 0.34375 0 470
0.0625 0.375 0 472
0.0625 0.3125 0 127


0.09375 0.34375 0 470
0.125 0.375 0 36
0.09375 0.40625 0 471
0.09375 0.34375 0 470


0.0625 0.375 0 472
0.09375 0.40625 0 471
0.0625 0.4375 0 128
0.0625 0.375 0 472


0.09375 0.34375 0 470
0.09375 0.40625 0 471
0.0625 0.375 0 472
0.09375 0.34375 0 470


0 0.375 0 129
0.03125 0.40625 0 473
0 0.4375 0 475
0 0.375 0 129


0.03125 0.40625 0 473
0.0625 0.4375 0 128
0.03125 0.46875 0 474
0.03125 0.40625 0 473


0 0.4375 0 475
0.03125 0.46875 0 474
0 0.5 0 12
0 0.4375 0 475


0.03125 0.40625 0 473
0.03125 0.46875 0 474
0 0.4375 0 475
0.03125 0.40625 0 473


0.0625 0.3125 0 127
0.0625 0.375 0 472
0.03125 0.34375 0 468
0.0625 0.3125 0 127


0.0625 0.375 0 472
0.0625 0.4375 0 128
0.03125 0.40625 0 473
0.0625 0.375 0 472


0.03125 0.34375 0 468
0.03125 0.40625 0 473
0 0.375 0 129
0.03125 0.34375 0 468


0.0625 0.375 0 472
0.03125 0.40625 0 473
0.03125 0.34375 0 468
0.0625 0.375 0 472


0.125 0.125 0 13
0.125 0.1875 0 461
0.09375 0.15625 0 455
0.125 0.125 0 13


0.125 0.1875 0 461
0.125 0.25 0 126
0.09375 0.21875 0 476
0.125 0.1875 0 461


0.09375 0.15625 0 455
0.09375 0.21875 0 476
0.0625 0.1875 0 123
0.09375 0.15625 0 455


0.125 0.1875 0 461
0.09375 0.21875 0 476
0.09375 0.15625 0 455
0.125 0.1875 0 461


0.125 0.25 0 126
0.125 0.3125 0 466
0.09375 0.28125 0 477
0.125 0.25 0 126


0.125 0.3125 0 466
0.125 0.375 0 36
0.09375 0.34375 0 470
0.125 0.3125 0 466


0.09375 0.28125 0 477
0.09375 0.34375 0 470
0.0625 0.3125 0 127
0.09375 0.28125 0 477


0.125 0.3125 0 466
0.09375 0.34375 0 470
0.09375 0.28125 0 477
0.125 0.3125 0 466


0.0625 0.1875 0 123
0.0625 0.25 0 478
0.03125 0.21875 0 458
0.0625 0.1875 0 123


0.0625 0.25 0 478
0.0625 0.3125 0 127
0.03125 0.28125 0 467
0.0625 0.25 0 478


0.03125 0.21875 0 458
0.03125 0.28125 0 467
0 0.25 0 37
0.03125 0.21875 0 458


0.0625 0.25 0 478
0.03125 0.28125 0 467
0.03125 0.21875 0 458
0.0625 0.25 0 478


0.125 0.25 0 126
0.09375 0.28125 0 477
0.09375 0.21875 0 476
0.125 0.25 0 126


0.09375 0.28125 0 477
0.0625 0.3125 0 127
0.0625 0.25 0 478
0.09375 0.28125 0 477


0.09375 0.21875 0 476
0.0625 0.25 0 478
0.0625 0.1875 0 123
0.09375 0.21875 0 476


0.09375 0.28125 0 477
0.0625 0.25 0 478
0.09375 0.21875 0 476
0.09375 0.28125 0 477


0.25 0.25 0 7
0.28125 0.28125 0 207
0.25 0.3125 0 480
0.25 0.25 0 7


0.28125 0.28125 0 207
0.3125 0.3125 0 61
0.28125 0.34375 0 479
0.28125 0.28125 0 207


0.25 0.3125 0 480
0.28125 0.34375 0 479
0.25 0.375 0 131
0.25 0.3125 0 480


0.28125 0.28125 0 207
0.28125 0.34375 0 479
0.25 0.3125 0 480
0.28125 0.28125 0 207


0.3125 0.3125 0 61
0.34375 0.34375 0 213
0.3125 0.375 0 482
0.3125 0.3125 0 61


0.34375 0.34375 0 213
0.375 0.375 0 21
0.34375 0.40625 0 481
0.34375 0.34375 0 213


0.3125 0.375 0 482
0.34375 0.40625 0 481
0.3125 0.4375 0 130
0.3125 0.375 0 482


0.34375 0.34375 0 213
0.34375 0.40625 0 481
0.3125 0.375 0 482
0.34375 0.34375 0 213


0.25 0.375 0 131
0.28125 0.40625 0 483
0.25 0.4375 0 485
0.25 0.375 0 131


0.28125 0.40625 0 483
0.3125 0.4375 0 130
0.28125 0.46875 0 484
0.28125 0.40625 0 483


0.25 0.4375 0 485
0.28125 0.46875 0 484
0.25 0.5 0 38
0.25 0.4375 0 485


0.28125 0.40625 0 483
0.28125 0.46875 0 484
0.25 0.4375 0 485
0.28125 0.40625 0 483


0.3125 0.3125 0 61
0.3125 0.375 0 482
0.28125 0.34375 0 479
0.3125 0.3125 0 61


0.3125 0.375 0 482
0.3125 0.4375 0 130
0.28125 0.40625 0 483
0.3125 0.375 0 482


0.28125 0.34375 0 479
0.28125 0.40625 0 483
0.25 0.375 0 131
0.28125 0.34375 0 479


0.3125 0.375 0 482
0.28125 0.40625 0 483
0.28125 0.34375 0 479
0.3125 0.375 0 482


0.375 0.375 0 21
0.40625 0.40625 0 225
0.375 0.4375 0 487
0.375 0.375 0 21


0.40625 0.40625 0 225
0.4375 0.4375 0 67
0.40625 0.46875 0 486
0.40625 0.40625 0 225


0.375 0.4375 0 487
0.40625 0.46875 0 486
0.375 0.5 0 132
0.375 0.4375 0 487


0.40625 0.40625 0 225
0.40625 0.46875 0 486
0.375 0.4375 0 487
0.40625 0.40625 0 225


0.4375 0.4375 0 67
0.46875 0.46875 0 231
0.4375 0.5 0 488
0.4375 0.4375 0 67


0.46875 0.46875 0 231
0.5 0.5 0 4
0.46875 0.53125 0 354
0.46875 0.46875 0 231


0.4375 0.5 0 488
0.46875 0.53125 0 354
0.4375 0.5625 0 98
0.4375 0.5 0 488


0.46875 0.46875 0 231
0.46875 0.53125 0 354
0.4375 0.5 0 488
0.46875 0.46875 0 231


0.375 0.5 0 132
0.40625 0.53125 0 489
0.375 0.5625 0 490
0.375 0.5 0 132


0.40625 0.53125 0 489
0.4375 0.5625 0 98
0.40625 0.59375 0 359
0.40625 0.53125 0 489


0.375 0.5625 0 490
0.40625 0.59375 0 359
0.375 0.625 0 30
0.375 0.5625 0 490


0.40625 0.53125 0 489
0.40625 0.59375 0 359
0.375 0.5625 0 490
0.40625 0.53125 0 489


0.4375 0.4375 0 67
0.4375 0.5 0 488
0.40625 0.46875 0 486
0.4375 0.4375 0 67


0.4375 0.5 0 488
0.4375 0.5625 0 98
0.40625 0.53125 0 489
0.4375 0.5 0 488


0.40625 0.46875 0 486
0.40625 0.53125 0 489
0.375 0.5 0 132
0.40625 0.46875 0 486


0.4375 0.5 0 488
0.40625 0.53125 0 489
0.40625 0.46875 0 486
0.4375 0.5 0 488


0.25 0.5 0 38
0.28125 0.53125 0 491
0.25 0.5625 0 493
0.25 0.5 0 38


0.28125 0.53125 0 491
0.3125 0.5625 0 133
0.28125 0.59375 0 492
0.28125 0.53125 0 491


0.25 0.5625 0 493
0.28125 0.59375 0 492
0.25 0.625 0 134
0.25 0.5625 0 493


0.28125 0.53125 0 491
0.28125 0.59375 0 492
0.25 0.5625 0 493
0.28125 0.53125 0 491


0.3125 0.5625 0 133
0.34375 0.59375 0 494
0.3125 0.625 0 495
0.3125 0.5625 0 133


0.34375 0.59375 0 494
0.375 0.625 0 30
0.34375 0.65625 0 369
0.34375 0.59375 0 494


0.3125 0.625 0 495
0.34375 0.65625 0 369
0.3125 0.6875 0 103
0.3125 0.625 0 495


0.34375 0.59375 0 494
0.34375 0.65625 0 369
0.3125 0.625 0 495
0.34375 0.59375 0 494


0.25 0.625 0 134
0.28125 0.65625 0 496
0.25 0.6875 0 497
0.25 0.625 0 134


0.28125 0.65625 0 496
0.3125 0.6875 0 103
0.28125 0.71875 0 375
0.28125 0.65625 0 496


0.25 0.6875 0 497
0.28125 0.71875 0 375
0.25 0.75 0 11
0.25 0.6875 0 497


0.28125 0.65625 0 496
0.28125 0.71875 0 375
0.25 0.6875 0 497
0.28125 0.65625 0 496


0.3125 0.5625 0 133
0.3125 0.625 0 495
0.28125 0.59375 0 492
0.3125 0.5625 0 133


0.3125 0.625 0 495
0.3125 0.6875 0 103
0.28125 0.65625 0 496
0.3125 0.625 0 495


0.28125 0.59375 0 492
0.28125 0.65625 0 496
0.25 0.625 0 134
0.28125 0.59375 0 492


0.3125 0.625 0 495
0.28125 0.65625 0 496
0.28125 0.59375 0 492
0.3125 0.625 0 495


0.375 0.375 0 21
0.375 0.4375 0 487
0.34375 0.40625 0 481
0.375 0.375 0 21


0.375 0.4375 0 487
0.375 0.5 0 132
0.34375 0.46875 0 498
0.375 0.4375 0 487


0.34375 0.40625 0 481
0.34375 0.46875 0 498
0.3125 0.4375 0 130
0.34375 0.40625 0 481


0.375 0.4375 0 487
0.34375 0.46875 0 498
0.34375 0.40625 0 481
0.375 0.4375 0 487


0.375 0.5 0 132
0.375 0.5625 0 490
0.34375 0.53125 0 499
0.375 0.5 0 132


0.375 0.5625 0 490
0.375 0.625 0 30
0.34375 0.59375 0 494
0.375 0.5625 0 490


0.34375 0.53125 0 499
0.34375 0.59375 0 494
0.3125 0.5625 0 133
0.34375 0.53125 0 499


0.375 0.5625 0 490
0.34375 0.59375 0 494
0.34375 0.53125 0 499
0.375 0.5625 0 490


0.3125 0.4375 0 130
0.3125 0.5 0 500
0.28125 0.46875 0 484
0.3125 0.4375 0 130


0.3125 0.5 0 500
0.3125 0.5625 0 133
0.28125 0.53125 0 491
0.3125 0.5 0 500


0.28125 0.46875 0 484
0.28125 0.53125 0 491
0.25 0.5 0 38
0.28125 0.46875 0 484


0.3125 0.5 0 500
0.28125 0.53125 0 491
0.28125 0.46875 0 484
0.3125 0.5 0 500


0.375 0.5 0 132
0.34375 0.53125 0 499
0.34375 0.46875 0 498
0.375 0.5 0 132


0.34375 0.53125 0 499
0.3125 0.5625 0 133
0.3125 0.5 0 500
0.34375 0.53125 0 499


0.34375 0.46875 0 498
0.3125 0.5 0 500
0.3125 0.4375 0 130
0.34375 0.46875 0 498


0.34375 0.53125 0 499
0.3125 0.5 0 500
0.34375 0.46875 0 498
0.34375 0.53125 0 499


0 0.5 0 12
0.03125 0.53125 0 501
0 0.5625 0 503
0 0.5 0 12


0.03125 0.53125 0 501
0.0625 0.5625 0 135
0.03125 0.59375 0 502
0.03125 0.53125 0 501


0 0.5625 0 503
0.03125 0.59375 0 502
0 0.625 0 137
0 0.5625 0 503


0.03125 0.53125 0 501
0.03125 0.59375 0 502
0 0.5625 0 503
0.03125 0.53125 0 501


0.0625 0.5625 0 135
0.09375 0.59375 0 504
0.0625 0.625 0 506
0.0625 0.5625 0 135


0.09375 0.59375 0 504
0.125 0.625 0 39
0.09375 0.65625 0 505
0.09375 0.59375 0 504


0.0625 0.625 0 506
0.09375 0.65625 0 505
0.0625 0.6875 0 136
0.0625 0.625 0 506


0.09375 0.59375 0 504
0.09375 0.65625 0 505
0.0625 0.625 0 506
0.09375 0.59375 0 504


0 0.625 0 137
0.03125 0.65625 0 507
0 0.6875 0 509
0 0.625 0 137


0.03125 0.65625 0 507
0.0625 0.6875 0 136
0.03125 0.71875 0 508
0.03125 0.65625 0 507


0 0.6875 0 509
0.03125 0.71875 0 508
0 0.75 0 40
0 0.6875 0 509


0.03125 0.65625 0 507
0.03125 0.71875 0 508
0 0.6875 0 509
0.03125 0.65625 0 507


0.0625 0.5625 0 135
0.0625 0.625 0 506
0.03125 0.59375 0 502
0.0625 0.5625 0 135


0.0625 0.625 0 506
0.0625 0.6875 0 136
0.03125 0.65625 0 507
0.0625 0.625 0 506


0.03125 0.59375 0 502
0.03125 0.65625 0 507
0 0.625 0 137
0.03125 0.59375 0 502


0.0625 0.625 0 506
0.03125 0.65625 0 507
0.03125 0.59375 0 502
0.0625 0.625 0 506


0.125 0.625 0 39
0.15625 0.65625 0 510
0.125 0.6875 0 512
0.125 0.625 0 39


0.15625 0.65625 0 510
0.1875 0.6875 0 138
0.15625 0.71875 0 511
0.15625 0.65625 0 510


0.125 0.6875 0 512
0.15625 0.71875 0 511
0.125 0.75 0 139
0.125 0.6875 0 512


0.15625 0.65625 0 510
0.15625 0.71875 0 511
0.125 0.6875 0 512
0.15625 0.65625 0 510


0.1875 0.6875 0 138
0.21875 0.71875 0 513
0.1875 0.75 0 514
0.1875 0.6875 0 138


0.21875 0.71875 0 513
0.25 0.75 0 11
0.21875 0.78125 0 407
0.21875 0.71875 0 513


0.1875 0.75 0 514
0.21875 0.78125 0 407
0.1875 0.8125 0 113
0.1875 0.75 0 514


0.21875 0.71875 0 513
0.21875 0.78125 0 407
0.1875 0.75 0 514
0.21875 0.71875 0 513


0.125 0.75 0 139
0.15625 0.78125 0 515
0.125 0.8125 0 516
0.125 0.75 0 139


0.15625 0.78125 0 515
0.1875 0.8125 0 113
0.15625 0.84375 0 413
0.15625 0.78125 0 515


0.125 0.8125 0 516
0.15625 0.84375 0 413
0.125 0.875 0 35
0.125 0.8125 0 516


0.15625 0.78125 0 515
0.15625 0.84375 0 413
0.125 0.8125 0 516
0.15625 0.78125 0 515


0.1875 0.6875 0 138
0.1875 0.75 0 514
0.15625 0.71875 0 511
0.1875 0.6875 0 138


0.1875 0.75 0 514
0.1875 0.8125 0 113
0.15625 0.78125 0 515
0.1875 0.75 0 514


0.15625 0.71875 0 511
0.15625 0.78125 0 515
0.125 0.75 0 139
0.15625 0.71875 0 511


0.1875 0.75 0 514
0.15625 0.78125 0 515
0.15625 0.71875 0 511
0.1875 0.75 0 514


0 0.75 0 40
0.03125 0.78125 0 517
0 0.8125 0 519
0 0.75 0 40


0.03125 0.78125 0 517
0.0625 0.8125 0 140
0.03125 0.84375 0 518
0.03125 0.78125 0 517


0 0.8125 0 519
0.03125 0.84375 0 518
0 0.875 0 141
0 0.8125 0 519


0.03125 0.78125 0 517
0.03125 0.84375 0 518
0 0.8125 0 519
0.03125 0.78125 0 517


0.0625 0.8125 0 140
0.09375 0.84375 0 520
0.0625 0.875 0 521
0.0625 0.8125 0 140


0.09375 0.84375 0 520
0.125 0.875 0 35
0.09375 0.90625 0 425
0.09375 0.84375 0 520


0.0625 0.875 0 521
0.09375 0.90625 0 425
0.0625 0.9375 0 119
0.0625 0.875 0 521


0.09375 0.84375 0 520
0.09375 0.90625 0 425
0.0625 0.875 0 521
0.09375 0.84375 0 520


0 0.875 0 141
0.03125 0.90625 0 522
0 0.9375 0 523
0 0.875 0 141


0.03125 0.90625 0 522
0.0625 0.9375 0 119
0.03125 0.96875 0 431
0.03125 0.90625 0 522


0 0.9375 0 523
0.03125 0.96875 0 431
0 1 0 3
0 0.9375 0 523


0.03125 0.90625 0 522
0.03125 0.96875 0 431
0 0.9375 0 523
0.03125 0.90625 0 522


0.0625 0.8125 0 140
0.0625 0.875 0 521
0.03125 0.84375 0 518
0.0625 0.8125 0 140


0.0625 0.875 0 521
0.0625 0.9375 0 119
0.03125 0.90625 0 522
0.0625 0.875 0 521


0.03125 0.84375 0 518
0.03125 0.90625 0 522
0 0.875 0 141
0.03125 0.84375 0 518


0.0625 0.875 0 521
0.03125 0.90625 0 522
0.03125 0.84375 0 518
0.0625 0.875 0 521


0.125 0.625 0 39
0.125 0.6875 0 512
0.09375 0.65625 0 505
0.125 0.625 0 39


0.125 0.6875 0 512
0.125 0.75 0 139
0.09375 0.71875 0 524
0.125 0.6875 0 512


0.09375 0.65625 0 505
0.09375 0.71875 0 524
0.0625 0.6875 0 136
0.09375 0.65625 0 505


0.125 0.6875 0 512
0.09375 0.71875 0 524
0.09375 0.65625 0 505
0.125 0.6875 0 512


0.125 0.75 0 139
0.125 0.8125 0 516
0.09375 0.78125 0 525
0.125 0.75 0 139


0.125 0.8125 0 516
0.125 0.875 0 35
0.09375 0.84375 0 520
0.125 0.8125 0 516


0.09375 0.78125 0 525
0.09375 0.84375 0 520
0.0625 0.8125 0 140
0.09375 0.78125 0 525


0.125 0.8125 0 516
0.09375 0.84375 0 520
0.09375 0.78125 0 525
0.125 0.8125 0 516


0.0625 0.6875 0 136
0.0625 0.75 0 526
0.03125 0.71875 0 508
0.0625 0.6875 0 136


0.0625 0.75 0 526
0.0625 0.8125 0 140
0.03125 0.78125 0 517
0.0625 0.75 0 526


0.03125 0.71875 0 508
0.03125 0.78125 0 517
0 0.75 0 40
0.03125 0.71875 0 508


0.0625 0.75 0 526
0.03125 0.78125 0 517
0.03125 0.71875 0 508
0.0625 0.75 0 526


0.125 0.75 0 139
0.09375 0.78125 0 525
0.09375 0.71875 0 524
0.125 0.75 0 139


0.09375 0.78125 0 525
0.0625 0.8125 0 140
0.0625 0.75 0 526
0.09375 0.78125 0 525


0.09375 0.71875 0 524
0.0625 0.75 0 526
0.0625 0.6875 0 136
0.09375 0.71875 0 524


0.09375 0.78125 0 525
0.0625 0.75 0 526
0.09375 0.71875 0 524
0.09375 0.78125 0 525


0.25 0.25 0 7
0.25 0.3125 0 480
0.21875 0.28125 0 462
0.25 0.25 0 7


0.25 0.3125 0 480
0.25 0.375 0 131
0.21875 0.34375 0 527
0.25 0.3125 0 480


0.21875 0.28125 0 462
0.21875 0.34375 0 527
0.1875 0.3125 0 125
0.21875 0.28125 0 462


0.25 0.3125 0 480
0.21875 0.34375 0 527
0.21875 0.28125 0 462
0.25 0.3125 0 480


0.25 0.375 0 131
0.25 0.4375 0 485
0.21875 0.40625 0 529
0.25 0.375 0 131


0.25 0.4375 0 485
0.25 0.5 0 38
0.21875 0.46875 0 528
0.25 0.4375 0 485


0.21875 0.40625 0 529
0.21875 0.46875 0 528
0.1875 0.4375 0 142
0.21875 0.40625 0 529


0.25 0.4375 0 485
0.21875 0.46875 0 528
0.21875 0.40625 0 529
0.25 0.4375 0 485


0.1875 0.3125 0 125
0.1875 0.375 0 530
0.15625 0.34375 0 465
0.1875 0.3125 0 125


0.1875 0.375 0 530
0.1875 0.4375 0 142
0.15625 0.40625 0 531
0.1875 0.375 0 530


0.15625 0.34375 0 465
0.15625 0.40625 0 531
0.125 0.375 0 36
0.15625 0.34375 0 465


0.1875 0.375 0 530
0.15625 0.40625 0 531
0.15625 0.34375 0 465
0.1875 0.375 0 530


0.25 0.375 0 131
0.21875 0.40625 0 529
0.21875 0.34375 0 527
0.25 0.375 0 131


0.21875 0.40625 0 529
0.1875 0.4375 0 142
0.1875 0.375 0 530
0.21875 0.40625 0 529


0.21875 0.34375 0 527
0.1875 0.375 0 530
0.1875 0.3125 0 125
0.21875 0.34375 0 527


0.21875 0.40625 0 529
0.1875 0.375 0 530
0.21875 0.34375 0 527
0.21875 0.40625 0 529


0.25 0.5 0 38
0.25 0.5625 0 493
0.21875 0.53125 0 533
0.25 0.5 0 38


0.25 0.5625 0 493
0.25 0.625 0 134
0.21875 0.59375 0 532
0.25 0.5625 0 493


0.21875 0.53125 0 533
0.21875 0.59375 0 532
0.1875 0.5625 0 143
0.21875 0.53125 0 533


0.25 0.5625 0 493
0.21875 0.59375 0 532
0.21875 0.53125 0 533
0.25 0.5625 0 493


0.25 0.625 0 134
0.25 0.6875 0 497
0.21875 0.65625 0 534
0.25 0.625 0 134


0.25 0.6875 0 497
0.25 0.75 0 11
0.21875 0.71875 0 513
0.25 0.6875 0 497


0.21875 0.65625 0 534
0.21875 0.71875 0 513
0.1875 0.6875 0 138
0.21875 0.65625 0 534


0.25 0.6875 0 497
0.21875 0.71875 0 513
0.21875 0.65625 0 534
0.25 0.6875 0 497


0.1875 0.5625 0 143
0.1875 0.625 0 535
0.15625 0.59375 0 536
0.1875 0.5625 0 143


0.1875 0.625 0 535
0.1875 0.6875 0 138
0.15625 0.65625 0 510
0.1875 0.625 0 535


0.15625 0.59375 0 536
0.15625 0.65625 0 510
0.125 0.625 0 39
0.15625 0.59375 0 536


0.1875 0.625 0 535
0.15625 0.65625 0 510
0.15625 0.59375 0 536
0.1875 0.625 0 535


0.25 0.625 0 134
0.21875 0.65625 0 534
0.21875 0.59375 0 532
0.25 0.625 0 134


0.21875 0.65625 0 534
0.1875 0.6875 0 138
0.1875 0.625 0 535
0.21875 0.65625 0 534


0.21875 0.59375 0 532
0.1875 0.625 0 535
0.1875 0.5625 0 143
0.21875 0.59375 0 532


0.21875 0.65625 0 534
0.1875 0.625 0 535
0.21875 0.59375 0 532
0.21875 0.65625 0 534


0.125 0.375 0 36
0.125 0.4375 0 537
0.09375 0.40625 0 471
0.125 0.375 0 36


0.125 0.4375 0 537
0.125 0.5 0 144
0.09375 0.46875 0 538
0.125 0.4375 0 537


0.09375 0.40625 0 471
0.09375 0.46875 0 538
0.0625 0.4375 0 128
0.09375 0.40625 0 471


0.125 0.4375 0 537
0.09375 0.46875 0 538
0.09375 0.40625 0 471
0.125 0.4375 0 537


0.125 0.5 0 144
0.125 0.5625 0 539
0.09375 0.53125 0 540
0.125 0.5 0 144


0.125 0.5625 0 539
0.125 0.625 0 39
0.09375 0.59375 0 504
0.125 0.5625 0 539


0.09375 0.53125 0 540
0.09375 0.59375 0 504
0.0625 0.5625 0 135
0.09375 0.53125 0 540


0.125 0.5625 0 539
0.09375 0.59375 0 504
0.09375 0.53125 0 540
0.125 0.5625 0 539


0.0625 0.4375 0 128
0.0625 0.5 0 541
0.03125 0.46875 0 474
0.0625 0.4375 0 128


0.0625 0.5 0 541
0.0625 0.5625 0 135
0.03125 0.53125 0 501
0.0625 0.5 0 541


0.03125 0.46875 0 474
0.03125 0.53125 0 501
0 0.5 0 12
0.03125 0.46875 0 474


0.0625 0.5 0 541
0.03125 0.53125 0 501
0.03125 0.46875 0 474
0.0625 0.5 0 541


0.125 0.5 0 144
0.09375 0.53125 0 540
0.09375 0.46875 0 538
0.125 0.5 0 144


0.09375 0.53125 0 540
0.0625 0.5625 0 135
0.0625 0.5 0 541
0.09375 0.53125 0 540


0.09375 0.46875 0 538
0.0625 0.5 0 541
0.0625 0.4375 0 128
0.09375 0.46875 0 538


0.09375 0.53125 0 540
0.0625 0.5 0 541
0.09375 0.46875 0 538
0.09375 0.53125 0 540


0.25 0.5 0 38
0.21875 0.53125 0 533
0.21875 0.46875 0 528
0.25 0.5 0 38


0.21875 0.53125 0 533
0.1875 0.5625 0 143
0.1875 0.5 0 542
0.21875 0.53125 0 533


0.21875 0.46875 0 528
0.1875 0.5 0 542
0.1875 0.4375 0 142
0.21875 0.46875 0 528


0.21875 0.53125 0 533
0.1875 0.5 0 542
0.21875 0.46875 0 528
0.21875 0.53125 0 533


0.1875 0.5625 0 143
0.15625 0.59375 0 536
0.15625 0.53125 0 543
0.1875 0.5625 0 143


0.15625 0.59375 0 536
0.125 0.625 0 39
0.125 0.5625 0 539
0.15625 0.59375 0 536


0.15625 0.53125 0 543
0.125 0.5625 0 539
0.125 0.5 0 144
0.15625 0.53125 0 543


0.15625 0.59375 0 536
0.125 0.5625 0 539
0.15625 0.53125 0 543
0.15625 0.59375 0 536


0.1875 0.4375 0 142
0.15625 0.46875 0 544
0.15625 0.40625 0 531
0.1875 0.4375 0 142


0.15625 0.46875 0 544
0.125 0.5 0 144
0.125 0.4375 0 537
0.15625 0.46875 0 544


0.15625 0.40625 0 531
0.125 0.4375 0 537
0.125 0.375 0 36
0.15625 0.40625 0 531


0.15625 0.46875 0 544
0.125 0.4375 0 537
0.15625 0.40625 0 531
0.15625 0.46875 0 544


0.1875 0.5625 0 143
0.15625 0.53125 0 543
0.1875 0.5 0 542
0.1875 0.5625 0 143


0.15625 0.53125 0 543
0.125 0.5 0 144
0.15625 0.46875 0 544
0.15625 0.53125 0 543


0.1875 0.5 0 542
0.15625 0.46875 0 544
0.1875 0.4375 0 142
0.1875 0.5 0 542


0.15625 0.53125 0 543
0.15625 0.46875 0 544
0.1875 0.5 0 542
0.15625 0.53125 0 543


